8.690484517
8.686321812
8.684119387
8.705033906
8.783221207
9.367455174
9.498013948
9.556654424
9.856164741
10.35457045
10.52293793
10.70205226
11.26567834
11.65702613
11.8205434
12.12569971
12.3374002
12.63882334
12.7322743
12.98038902
13.19882577
13.63678465
13.71211002
13.89963494
14.23239822
14.56769247
14.74361389
15.05881618
15.54032224
15.70401716
15.98348907
17.06930644
17.36077122
17.54291297
17.74581836
17.87521873
18.24765
18.29752945
18.50016227
18.84639807
18.89800539
19.15844639
19.63679848
19.80711284
20.0060125
20.06770473
20.18878213
20.23208107
20.45104834
21.42798075
21.60175573
21.7720701
21.903174
22.02730802
22.35255629
22.4777027
22.99806878
23.17718311
23.68902179
23.76060912
23.94402609
24.4675072
24.5986111
25.43225205
25.68441388
25.82263855
25.88798121
26.00654712
26.51433625
26.78093431
26.9901087
27.05192262
27.11402857
27.24731299
27.31442246
27.64800344
27.68201569
27.70461914
27.8526221
28.34967411
28.62232701
28.66341623
29.01559979
29.19564863
29.28151643
29.77182245
29.88033264
30.96522038
30.99343088
31.04996385
31.07936683
31.12235427
31.28106514
31.30056816
31.31932163
31.34848611
31.53637121
31.62293016
31.83463551
32.00911137
32.13697856
32.26402319
32.43463933
32.47980729
32.76801102
32.85848809
33.20676326
33.64153897
33.66505259
33.793022
33.85637396
34.00880123
34.08846817
34.18631911
34.19668146
34.55373226
34.70539537
34.81077593
34.92903033
34.9569488
35.00995301
35.10715174
35.17649041
35.24047511
35.30100407
35.33676853
35.37032327
35.60052412
35.70874715
35.77272698
35.86932704
36.01172294
36.11710349
36.18046032
36.25574188
36.35463928
36.52609745
36.57727645
36.63397489
36.66786547
36.71333033
36.79426275
36.90999592
36.95390814
36.98839738
37.00658625
37.02665874
37.10664205
37.2904484
37.41181783
37.43188545
37.80355742
37.83334492
37.94908782
38.19577401
38.27370822
38.32420094
38.4822742
38.65195583
38.68990081
39.03710032
39.09105365
39.12385396
39.16256797
39.24503844
39.26450252
39.53108597
39.6123299
39.80300879
39.90840395
40.11697967
40.13328491
40.19080106
40.26970871
40.32241116
40.42905233
40.52485903
40.63856256
40.76841558
40.91080418
40.95314914
41.15667754
41.22413258
41.27839254
41.30661278
41.31989061
41.34236264
41.35083164
41.35174668
41.41608182
41.4722108
41.60113905
41.65319902
41.66761578
41.79526394
41.89842991
42.02737276
42.26322935
42.37394439
42.42196456
42.44889498
42.5326504
42.55554589
42.59535015
42.69322543
42.7299244
42.75626589
42.79139761
42.80456348
42.8792123
42.93254262
42.98082562
43.05266604
43.06733103
43.32270037
43.40748277
43.53190883
43.56013881
43.66895563
43.73783191
43.82201564
44.11876624
44.21972734
44.25995993
44.30346329
44.33044239
44.38225413
44.45115961
44.48173559
44.56626977
44.59452409
44.63116465
44.67638615
44.70837363
44.89468174
45.28516073
45.36907677
45.51570716
45.53983405
45.62641247
45.73367178
46.29163727
46.43058229
46.56231407
46.67419239
46.73125101
46.79754278
47.04687675
47.25796884
47.38091038
47.54557876
47.6451819
47.74328107
47.78049597
47.98968983
48.04834977
48.10543273
48.20517216
48.27887674
48.34756319
48.58554676
48.71451881
48.73177804
48.81519275
48.87228544
49.16929887
49.27398341
49.31420139
49.40422095
49.57703708
49.71426883
49.74420721
49.8118034
49.83544844
49.98815314
50.27739846
50.55967389
50.60228655
50.63678066
50.68419242
50.91848176
50.98309433
51.16551352
51.40399842
51.45919289
51.52098733
51.68370881
51.71029853
52.09401205
52.22417658
52.32767838
52.3806826
52.46159555
52.50231486
52.60148482
52.64476429
52.68208627
52.79625219
52.98349481
53.19802316
53.28647547
53.38307553
53.47882869
53.59416761
53.67073899
53.92096853
53.95578874
54.05583967
54.12187835
54.24464954
54.26033178
54.54506517
54.59243312
54.78379342
54.80628979
54.89201158
54.94878303
55.18337414
55.26899858
55.340839
55.41924046
55.51238965
55.55158065
55.58670263
55.70050837
55.8237955
55.92546235
56.05812377
56.08698649
56.22781513
56.27485211
56.39089679
56.42322498
56.4751584
56.52921394
56.58284116
56.69347346
56.77918551
57.04516056
57.136431
57.25686592
57.2763154
57.28791889
57.31189491
57.34105939
57.39800607
57.43349796
57.4431643
57.45541027
57.49240127
57.51625073
57.75649757
57.77777713
57.94114108
58.28530344
58.3370519
58.53432103
58.66126832
58.70588141
58.78840056
58.82626766
58.85737904
58.9946254
59.24064478
59.2695075
59.336909
59.4582979
59.51069858
59.58754252
59.61544152
59.71769245
59.78418864
59.86730159
60.00813997
60.49268318
60.63949853
60.72449023
60.88507985
61.05967739
61.13315321
61.21594491
61.28496234
61.51047118
61.66475287
61.7155863
61.89791301
61.93328809
62.01292582
62.16696415
62.25004789
62.26375403
62.47963548
62.66717987
62.75563704
63.00309712
63.08934457
63.15239476
63.21668123
63.33367988
63.44565554
63.51049688
63.55412679
63.58207447
63.78499933
64.20527554
64.33294318
64.35959617
64.43297464
64.48066383
64.49497351
64.52237605
64.56032104
64.61176773
64.74505216
64.79648913
64.97190436
65.05085095
65.15687885
65.50751463
65.59906736
65.75603576
65.82588062
65.93845008
66.0943477
66.25753643
66.40453673
66.4656887
66.56481486
66.61969783
66.63819333
66.71629302
66.73465224
66.75373181
66.8091307
66.92079486
66.95991772
66.99323882
67.04749879
67.14984705
67.16912131
67.20051499
67.25607937
67.53051368
67.6446796
67.73909427
68.19355796
68.33705385
68.3826696
68.61475894
68.6442544
68.68126487
68.87295615
69.00368041
69.51304653
69.60399573
69.63536021
69.78496935
69.84050453
69.97660222
69.99134995
70.12557862
70.16008733
70.44455788
70.45553837
70.60701653
70.64309249
70.70237545
70.85448635
70.88961807
70.9350878
70.9812
71.1204614
71.18568238
71.48711039
71.55892161
71.67496628
71.70163874
71.75995798
71.9117087
71.98578806
72.062632
72.16957494
72.21475264
72.25615336
72.32296106
72.4938887
72.5183417
72.5456469
72.69587905
72.71814179
72.77459201
72.90790564
73.0352423
73.1415525
73.54376153
73.65936815
73.70581133
73.7403103
73.82310201
73.84349574
74.3080054
74.39487585
74.54129208
74.66523142
74.70194012
74.81766355
74.97226648
75.05696615
75.26460249
75.29315371
75.50108208
75.5706057
75.87651157
76.15565737
76.20050409
76.25337202
76.28111527
76.32054963
76.33694249
76.36454946
76.43824917
76.4595774
76.46930214
76.47964989
76.50129936
76.52481785
76.63616077
76.65403327
76.699503
76.7518842
76.87012887
76.88613235
76.92722156
76.94791706
77.34279602
77.36976052
77.52751741
77.63903555
77.94152462
77.97477759
78.00299783
78.06260202
78.14488753
78.20687667
78.24514289
78.29689135
78.432074
78.51705597
78.5460063
78.55722041
78.7743576
78.82600873
79.11391555
79.26463442
79.30591833
79.35354911
79.3742446
79.41376657
79.44135407
79.46581681
79.51538475
79.62860643
79.78574032
79.91339822
79.97141569
80.09216211
80.45316511
80.50524455
80.56232751
80.74389493
80.76961341
80.92489775
81.14369954
81.28483968
81.46090713
81.62777549
81.79619164
81.87585858
81.98707495
82.10557271
82.41124495
82.63274319
82.67125277
82.74620823
82.86445289
82.87825638
82.90390672
82.96228436
82.99932404
83.06047601
83.42705686
83.65263384
83.70000179
83.8555587
83.90856291
83.92800266
84.14117792
84.19269276
84.22282096
84.33104885
84.39608487
84.44866077
84.64030337
84.78111255
85.17348002
85.2418647
85.41718259
85.68205765
85.93030622
86.00681919
86.32578873
86.38257965
86.43658652
86.62383887
86.64335649
86.68115546
86.72224468
86.89962627
86.97692774
87.00106923
87.07711495
87.22344357
87.34012099
87.36019347
87.40347295
87.44989666
87.51356012
87.52517335
87.53803259
87.57252184
87.67945504
87.71994072
87.74384859
87.83129338
88.19228664
88.29327208
88.3105313
88.34397895
88.39802476
88.54057641
88.74134021
88.77094275
88.88762016
88.97216407
88.98580207
89.2865
89.46716211
89.54501844
90.10435162
90.15537
90.42458664
90.49655361
90.60771157
90.67006088
90.89901573
91.04513993
91.07540441
91.54793528
91.58711654
91.80230684
91.97416899
92.0504678
92.10636315
92.19717607
92.25237054
92.34427371
92.48540413
92.5863993
92.77302865
93.0600107
93.11784321
93.21056409
93.24784712
93.30590353
93.34854053
93.43418444
93.46500378
93.53102299
94.06397575
94.17218417
94.23034765
94.40584076
94.51530493
94.6950228
94.8342842
94.98198538
95.1973801
95.55659195
95.76418936
95.89098089
95.93967273
96.07001735
96.09354558
96.17917002
96.22025923
96.3296942
96.38428513
96.43447608
96.52459785
96.62735496
96.66261323
96.86478854
96.92720599
97.08653013
97.12165212
97.26425244
97.51245234
97.56421054
97.7580434
97.86345803
98.00425747
98.10776414
98.15467457
98.29689525
98.3257385
98.34494461
98.43111418
98.59609406
98.86174788
98.96867135
99.00444554
99.2713551
99.43632524
100.0440096
108.7232769
116.5062815
124.0377569
130.4555014
135.6572445
140.4173831
144.5794162
148.1116482
151.7812531
154.4360585
157.2859817
159.241443
161.1904406
163.2674465
164.7216213
165.9606642
167.2397157
168.4133624
169.1237454
169.9756093
170.6991728
171.5698437
172.2934267
172.7902353
173.4281744
173.8767974
174.2609003
174.7570859
175.1290402
175.527297
175.8425967
176.106985
176.4664986
176.7248126
176.9974169
177.2781396
177.467884
177.7404493
177.9581122
178.1290495
178.3621123
178.5013348
178.6976791
178.9090535
179.0332654
179.2205178
179.3961472
179.5617501
179.6589585
179.8349189
179.9397008
180.0551322
180.2360961
180.3681345
180.4823004
180.6112043
180.7448197
180.8316902
181.003562
181.10519
181.1785684
181.3413483
181.4530222
181.504537
181.6623718
181.8000562
181.8645179
181.9488769
182.0571048
182.1395947
182.2596987
182.3792185
182.4942995
182.5292268
182.6131769
182.7474348
182.8147973
182.9691666
183.0874016
183.132881
183.1967002
183.2984839
183.4126498
183.5079893
183.6296897
183.6895956
183.8348145
184.0549889
184.2858322
184.5156437
184.7293154
184.9282297
185.1565031
185.4105339
185.6099349
185.8044881
186.009282
186.2633323
186.4709687
186.6792086
186.8756308
187.0982582
187.2726416
187.4931275
187.6982523
187.9290762
188.1310665
188.3078835
188.5058827
188.7116306
188.907644
189.0976609
189.3181857
189.4979231
189.7156054
189.9160187
190.1355701
190.2970845
190.4931173
190.6982227
190.8954042
191.1156175
191.2702205
191.4795117
191.6937285
191.8555739
192.0622562
192.2156716
192.3925275
192.6334168
192.8341417
192.9870313
193.1813315
193.3500688
193.5514362
193.7311346
193.907095
194.0356874
194.2483467
194.4754909
194.6526194
194.8449921
194.9775562
195.1312636
195.3344804
195.4954692
195.6481252
195.7754716
195.9812195
196.1932363
196.3579047
196.5075041
196.6659035
196.8164569
196.9936438
197.1611351
197.3044656
197.4772914
197.6488323
197.8363378
197.9866381
198.1547524
198.2908599
198.4815777
198.6284125
198.7763765
198.9401104
199.1151168
199.2757161
199.4121351
199.584007
199.7436523
199.9162056
200.0386069
200.1761745
200.3405119
200.5061148
200.6905442
200.8130428
200.987251
201.1406273
201.3040302
201.4583411
201.5556275
201.7111844
201.8588174
201.9742877
202.1612091
202.29169
202.4460009
202.6162958
202.7612032
202.9402786
202.9920465
203.1226248
203.3097798
203.4524677
203.6092706
203.72001
203.9037969
204.0405468
204.1989462
204.3723756
204.474315
204.6085534
204.7349458
204.8450427
205.0391871
205.2079245
205.329547
205.5131003
205.6360467
205.7910585
205.917704
206.01207
206.1811578
206.2881007
206.4678186
206.5920305
206.7362954
206.8564188
207.0054147
207.1455911
207.2265236
207.3620274
207.4918659
207.6493113
207.7631657
207.8867351
208.0103045
208.1649269
208.2486823
208.4033047
208.4977291
208.6115641
208.7599175
208.8935329
209.0240138
209.1300027
209.2394572
209.3950335
209.5161109
209.6447034
209.7290623
209.8567202
210.0063391
210.1292855
210.2594354
210.3350528
210.4639373
210.6104022
210.6961629
210.8277341
210.9180895
211.0250324
211.1934583
211.3032242
211.4381051
211.5237295
211.6451184
211.7815374
211.9013493
212.0089347
212.0970706
212.2112365
212.3478696
212.4800054
212.5706723
212.6914187
212.7742202
212.9160514
213.016667
213.1226559
213.2158343
213.3406498
213.4695731
213.5840506
213.664321
213.7910444
213.8975785
214.0287992
214.1175387
214.2103861
214.3236175
214.44561
214.5638644
214.6686073
214.7818387
214.8912932
215.0051476
215.159147
215.2168529
215.2814704
215.4056823
215.5226712
215.6289717
215.7164651
215.8046205
215.9536164
216.0611823
216.1546528
216.2023128
216.3309052
216.4215526
216.5595096
216.6472756
216.7527584
216.8424713
216.9942707
217.0624315
217.1522223
217.217891
217.3386569
217.4572034
217.5352349
217.6368823
217.7030962
217.8188391
217.9612155
218.0490399
218.1644129
218.2228003
218.3491149
218.4812506
218.5524486
218.6477685
218.7312125
218.8365979
218.9347798
219.019314
219.0953597
219.1973965
219.2750776
219.3992895
219.4792679
219.5626729
219.6635026
219.7737552
219.8424417
219.9682111
220.050701
220.1717784
220.2533144
220.359537
220.4568623
220.5522212
220.6641871
220.7447886
220.8131635
220.8749579
220.9803628
221.0872863
221.1600612
221.2651157
221.3695666
221.4718175
221.569357
221.6273744
221.7061069
221.7860853
221.885669
222.0024827
222.0598966
222.1684165
222.2725365
222.3960864
222.4839303
222.5017834
222.5748893
222.7059932
222.7626089
222.8763075
222.9459285
223.0262184
223.1614108
223.2395008
223.3305571
223.3684047
223.4602981
223.5620234
223.651308
223.7635854
223.8470099
223.9254308
224.0261047
224.1199451
224.1979961
224.2792206
224.323746
224.4381067
224.5050409
224.6022299
224.7195693
224.7932787
224.8833031
224.9485241
225.0194105
225.126996
225.1764082
225.2787954
225.3321208
225.4327947
225.5413147
225.6178471
225.727613
225.791296
225.8580939
225.9390069
226.0240083
226.1058753
226.1629388
226.2749241
226.3680831
226.4631305
226.5283515
226.5992184
226.6848429
226.7833363
226.8601802
226.9182172
226.9969301
227.0958324
227.1713135
227.266653
227.3704809
227.3773729
227.4579938
227.5824977
227.6411382
227.7506121
227.7813341
227.857555
228.0049545
228.0538994
228.1489273
228.1724848
228.2703162
228.3600097
228.4161581
228.4989596
228.5729805
228.6671908
228.7589869
228.8370574
228.9016748
228.9706728
229.0327787
229.1121536
229.2043391
229.265822
229.364919
229.447701
229.5330334
229.5992278
229.6531568
229.7181052
229.7902182
229.8582816
229.9279221
229.994097
230.1327159
230.2076714
230.2932958
230.3369063
230.3723398
230.4902632
230.5360736
230.6106981
230.689119
230.751848
230.8591219
230.9052049
230.9685763
231.0670503
231.1396305
231.1969082
231.2329841
231.3502651
231.4107551
231.503622
231.5924004
231.7031203
231.7712032
231.8257552
231.8524082
231.9352097
232.0123846
232.0699153
232.132508
232.209644
232.2843074
232.3592629
232.4477103
232.4702943
232.5339577
232.5838372
232.6932722
232.7920965
232.8400486
232.9031085
232.9847807
233.0577309
233.1251713
233.1896525
233.2537637
233.3320873
233.4055437
233.4987221
233.5466935
233.6160225
233.6787514
233.7599175
233.8277278
233.8794568
233.9494282
234.0290952
234.0739322
234.1482841
234.217905
234.304464
234.3998229
234.4167609
234.4904509
234.5469498
234.5908133
234.7090482
234.7510817
234.8602441
234.9127908
234.958718
235.065992
235.0923334
235.1500199
235.1945844
235.2679628
235.3448068
235.3888455
235.4614842
235.5543316
235.6261526
235.683547
235.715846
235.76226
235.8394154
235.9112559
236.0169528
236.0116183
236.0962888
236.1687522
236.2479129
236.3575621
236.3610275
236.407422
236.48522
236.5463719
236.6479998
236.6807466
236.7451888
236.8252062
236.8791741
236.9387491
236.9759348
237.0218621
237.101198
237.153589
237.2116065
237.2893849
237.3571368
237.3951013
237.5029787
237.5537927
237.6152756
237.6579321
237.7178381
237.8003085
237.8630375
237.9483504
238.0000989
238.0889552
238.0967038
238.1657018
238.2292095
238.2714182
238.3501117
238.3792956
238.4570741
238.5336065
238.6026045
238.6807139
238.6825635
238.7562924
238.8020833
238.8745468
238.9332067
238.9799127
239.0354382
239.1392466
239.198218
239.2822655
239.2929345
239.3154406
239.4221499
239.4447339
239.5295796
239.543091
239.6169173
239.7062992
239.7739538
239.8289536
239.8512261
239.9090099
239.9707265
240.039082
240.0971189
240.1365435
240.2191308
240.2739943
240.3417463
240.3533303
240.4207902
240.4656466
240.5233526
240.5773011
240.628738
240.7344155
240.7767799
240.8432664
240.9016148
240.9309935
240.9775437
241.0259046
241.0926052
241.1424652
241.2014367
241.2820576
241.3403865
241.40405
241.4369136
241.4846709
241.5383079
241.5935024
241.6352243
241.6867197
241.7377673
241.8180572
241.8691827
241.9143506
241.9535611
241.9990406
242.067727
242.112895
242.17247
242.2185919
242.2976164
242.377186
242.4080248
242.4390583
242.4723307
242.5290827
242.6131496
242.6269337
242.6887281
242.729204
242.7963135
242.8926069
242.8951184
242.9754084
242.9769854
243.0676328
243.1231193
243.1764448
243.2163172
243.2583117
243.3059911
243.3850156
243.4333181
243.4725285
243.5281903
243.5719565
243.6309084
243.6528694
243.6831631
243.7599876
243.8062263
243.8535943
243.9037852
243.9740487
244.0292237
244.0753456
244.0982411
244.1691275
244.223076
244.3187269
244.3225039
244.3660949
244.4278699
244.4675865
244.5486163
244.5696622
244.6025842
244.6703167
244.7311766
244.7716136
244.8077091
244.8267108
244.915898
244.956374
245.022218
245.0297524
245.0488904
245.1467414
245.2032013
245.2571498
245.2872682
245.3355512
245.3819847
245.4356216
245.4917506
245.4839046
245.5306496
245.6495075
245.6830915
245.739824
245.7617655
245.7884574
245.8812854
245.9164463
245.9427683
245.9750673
246.0537997
246.1246862
246.1827036
246.2175141
246.2432326
246.2843121
246.3385915
246.3899895
246.4091664
246.4536919
246.5114174
246.5549889
246.6045374
246.6418788
246.6782663
246.7296059
246.7877012
246.8215967
246.8516957
246.9024123
246.9279166
246.9809306
247.0249498
247.0860045
247.1844784
247.1926359
247.2378817
247.2845099
247.3005328
247.3582193
247.3848918
247.4523322
247.5097267
247.5645902
247.5953511
247.6031776
247.6558801
247.7138976
247.742439
247.8061025
247.847513
247.8920579
247.9563444
248.0034008
248.0240963
248.0193848
248.0683103
248.1536427
248.1780957
248.2197982
248.2426937
248.2969731
248.3857126
248.3684826
248.4565796
248.454399
248.5068095
248.5500695
248.5654305
248.6143559
248.6620549
248.7162564
248.8009853
248.8389303
248.8687178
248.9047937
248.9436927
248.9816377
249.0029756
249.0349631
249.1196725
249.1535096
249.1930315
249.2275305
249.2852559
249.3313584
249.3554999
249.368583
249.4257633
249.4844622
249.5505982
249.5585221
249.6067078
249.6456262
249.6751022
249.7284276
249.7315621
249.7670151
249.8306591
249.8698695
249.9024995
249.9392569
249.9887275
250.0605679
250.0611909
250.0838528
250.0954368
250.1587303
250.2434203
250.2735387
250.2969599
250.3419137
250.4168691
250.4689291
250.4795981
250.4996706
250.5545536
250.575249
250.6495815
250.6552275
250.6784539
250.7486979
250.7731704
250.8468604
250.8365223
250.8835593
250.9001274
250.9644723
251.0030597
251.0322242
251.0799037
251.1421654
251.1399849
251.1580131
251.2147846
251.26151
251.2928745
251.3245505
251.369699
251.414244
251.43712
251.4807304
251.5095834
251.5506823
251.6058768
251.6187458
251.6232042
251.6805208
251.7115737
251.7438922
251.7868602
251.8316972
251.8887801
251.9166986
251.9533976
251.9935425
252.0183265
252.0735405
252.1139775
252.1472304
252.1748179
252.2202974
252.2563734
252.2739343
252.2916122
252.3219253
252.3686508
252.4392257
252.4498947
252.4884627
252.5546377
252.5878906
252.6010711
252.6126746
252.6691346
252.751605
252.742513
252.762274
252.8012898
252.843187
252.9278769
252.8592683
252.9385459
252.9700661
253.0069208
253.0530233
253.0348393
253.0762303
253.1383362
253.1800582
253.2302297
253.2543712
253.2810436
253.3259585
253.3397036
253.3803158
253.3757601
253.4171705
253.494326
253.5319594
253.5470089
253.5965574
253.6320883
253.6523944
253.6652439
253.6922278
253.7399073
253.7790983
253.8217548
253.8400361
253.8854182
253.9246287
253.933234
253.9610162
254.0159186
254.0413256
254.0773821
254.1021466
254.1444915
254.221978
254.2410965
254.2376505
254.2636804
254.3144944
254.3518164
254.3431527
254.3696889
254.4509133
254.4766513
254.5199697
254.5258883
254.5572527
254.6143357
254.6488347
254.6823991
254.6888239
254.6905566
254.7705351
254.8150606
254.8341985
254.8439135
254.875278
254.9287982
254.9327114
254.935184
254.9721944
255.0159022
255.0756524
255.0913834
255.1208593
255.1600698
255.2002148
255.2300217
255.2582323
255.2653968
255.3065542
255.3341417
255.3661292
255.4125431
255.4341926
255.4750579
255.4975446
255.52924
255.557139
255.581592
255.59413
255.629583
255.6589811
255.7127543
255.7352799
255.7478374
255.8309503
255.8249928
255.8450653
255.8663644
255.8689148
255.9429163
255.9724117
256.0003107
256.0417212
256.0683742
256.1003617
256.1116536
256.1154306
256.1413438
256.1831631
256.1922551
256.2285452
256.2772565
256.3318475
256.3240015
256.3445412
256.3864189
256.4230984
256.4510169
256.4409709
256.4758009
256.5538908
256.5808553
256.6118304
256.5899473
256.6438958
256.7414352
256.7309804
256.7659077
256.7900881
256.8399481
256.8926311
256.9362026
256.9271106
256.9509601
256.9851475
257.03345
257.047565
257.056034
257.0682605
257.0917984
257.1434301
257.1786689
257.2018759
257.2200599
257.2831198
257.3097728
257.3113303
257.3373798
257.380523
257.4056963
257.4465227
257.4788217
257.5042287
257.5635116
257.5772956
257.562032
257.6249751
257.6174601
257.6208866
257.6533219
257.708088
257.738518
257.7545215
257.751679
257.8203849
257.8495689
257.8540078
257.8536184
257.9006749
257.9433313
257.9502233
257.9739365
258.0251983
258.0609433
258.0755255
258.0872848
258.1192528
258.1897693
258.1578402
258.1638172
258.2067852
258.2544646
258.3212626
258.2830061
258.3109051
258.3783455
258.380857
258.3855685
258.3993525
258.4235135
258.4962884
258.5128955
258.5323449
258.5938084
258.5972739
258.5800244
258.6255039
258.6387233
258.6792576
258.6882133
258.7117513
258.7522272
258.7578538
258.8089792
258.8014448
258.8429526
258.8742586
258.8604746
258.8844993
258.9187452
258.9667361
258.9720706
258.9943431
259.0281996
259.0699216
259.077456
259.0899941
259.1376735
259.127316
259.1316187
259.1524115
259.2163865
259.2345899
259.2603084
259.2534164
259.3139454
259.3563098
259.3601257
259.3352639
259.3728974
259.4296688
259.4443679
259.4513378
259.5262932
259.5667302
259.5802027
259.5369427
259.586608
259.6469618
259.6190627
259.6322822
259.6585458
259.7072376
259.7702781
259.7460198
259.7621206
259.8042514
259.8308265
259.8242265
259.8274779
259.8477645
259.9194686
259.9590879
259.9533446
259.9929639
260.0130559
260.0412664
260.0544469
260.0440894
260.0842344
260.0980573
260.1422908
260.1887047
260.1993543
260.2275842
260.2283241
260.2474231
260.2878017
260.2755752
260.2959592
260.3326387
260.3825181
260.3997676
260.418341
260.4518276
260.4828806
260.4822576
260.4819461
260.522714
260.5471865
260.5535528
260.5575245
260.6017774
260.644395
260.6440835
260.6422144
260.7052549
260.7225044
260.7373592
260.7341079
260.7372619
260.8009253
260.8013731
260.8288243
260.8809038
260.9122488
260.9263832
260.9224116
260.9348522
260.9922467
260.9658857
260.9765547
261.0464872
261.0703366
261.0791171
261.0697136
261.1013701
261.1531381
261.1443576
261.1452921
261.1460319
261.1779221
261.240028
261.2372439
261.2632155
261.2970915
261.318741
261.344771
261.3485285
261.3574063
261.3905619
261.4012309
261.4209724
261.4576714
261.4621298
261.4909244
261.5166039
261.5546073
261.5709028
261.5753028
261.5718373
261.6060443
261.6358317
261.6643732
261.6831802
261.7115465
261.7521977
261.7438649
261.7525481
261.7832506
261.8036346
261.8111496
261.8164841
261.8631317
261.9177032
261.9002201
261.8917706
261.926581
261.9686145
261.9805295
261.96108
262.0040285
262.0294939
262.059184
262.0893609
262.0937414
262.1379554
262.1803004
262.1726686
262.1291944
262.1975888
262.2116843
262.2251374
262.2267338
262.2703248
262.3323334
262.2988663
262.3205158
262.3556377
262.3769562
262.3728872
262.3706872
262.3977491
262.4534887
262.4475701
262.4698037
262.4952106
262.5319096
262.5388016
262.5384901
262.5478547
262.5664086
262.5786351
262.6005961
262.6385216
262.666148
262.655479
262.70347
262.7207
262.7247885
262.7417265
262.7417265
262.7592875
262.7834484
262.7931634
262.8452234
262.8784764
262.8957259
262.8756339
262.8740764
262.9446513
262.9132869
262.9102497
263.0033113
262.9825963
263.0199572
263.0374988
263.0540668
263.0673057
263.0675977
263.0926932
263.1438187
263.1385037
263.1456877
263.1685832
263.2164184
263.2451156
263.2253546
263.2451156
263.3134906
263.2842482
263.2837031
263.3143277
263.331694
263.340786
263.349878
263.3755965
263.4649785
263.4285131
263.437391
263.4511945
263.4838049
263.4696705
263.4744014
263.4972969
263.5567746
263.5618949
263.5622259
263.6193283
263.6133319
263.6346698
263.6299584
263.6202433
263.6519193
263.6625883
263.6842962
263.7090023
263.7303403
263.7416128
263.7635738
263.7670198
263.7836657
263.7980922
263.8084107
263.8165488
263.8250567
263.8197222
263.9067873
263.8981237
263.9248545
263.9458031
263.9398456
263.9469518
263.9658756
263.9649216
264.0152878
264.017955
264.047431
264.0749017
264.1082715
264.0929105
264.1126715
264.142459
264.1854269
264.1344962
264.1681775
264.2277719
264.2299524
264.2437559
264.2484674
264.2726089
264.3202884
264.3014814
264.2663399
264.3406723
264.3155769
264.3478953
264.3518281
264.3582528
264.4363233
264.4143818
264.4146933
264.453748
264.4570383
264.4598807
264.4619639
264.4723993
264.5241477
264.5304362
264.5479583
264.5727617
264.5931652
264.6035032
264.6063262
264.5975457
264.6240234
264.6245296
264.6420906
264.6966621
264.7032426
264.7104656
264.7389876
264.7681715
264.7641025
264.7772635
264.7684052
264.7740512
264.8278049
264.8189855
264.8895799
264.8961799
264.9290629
264.9095745
264.9155904
264.9429248
264.9519584
264.9315744
264.9971264
264.9795654
264.9948096
265.0156219
265.0250254
265.0266024
265.0592323
265.0883968
265.1348108
265.0836853
265.1018888
265.1608408
265.1426568
265.1473683
265.2100972
265.1872017
265.2100972
265.2119662
265.2608917
265.2806527
265.2407998
265.2358352
265.3104402
265.3057482
265.3135942
265.3311551
265.3604364
265.3882381
265.3465161
265.3755054
265.4061106
265.3812682
265.4020416
265.4370273
265.467282
265.4838891
265.4901775
265.5016253
265.5083615
265.509004
265.5105031
265.555087
265.5544835
265.565094
265.5971205
265.5993205
265.609639
265.6049665
265.6473698
265.6308991
265.6482459
265.6615432
265.6772741
265.6802334
265.6996829
265.7624118
265.7586543
265.7658578
265.7843534
265.7950418
265.7991108
265.7903303
265.7972223
265.8423903
265.8324027
265.8643513
265.9092077
265.8906733
265.8809777
265.8938273
265.9129458
265.9396182
265.8998042
265.9170342
265.9769207
265.960781
265.9788287
266.0268196
266.0412461
266.0528496
266.0384231
266.0397665
266.1111007
266.0694566
266.0613186
266.1321077
266.1428546
266.1333343
266.1309396
266.1645041
266.220964
266.1718244
266.2021375
266.2297445
266.2184525
266.204026
266.2541975
266.2767815
266.3125265
266.3373299
266.3006309
266.3323069
266.3089053
266.3231955
266.3489139
266.3501794
266.3642944
266.3956589
266.4041279
266.4286004
266.4364269
266.4474074
266.4593224
266.4492764
266.4612108
266.4856638
266.4841063
266.5056974
266.5531043
266.5518583
266.5499698
266.5838652
266.5722423
266.5866688
266.6095642
266.618812
266.6130102
266.6098757
266.6123872
266.6763622
266.6600472
266.6321482
266.7293956
266.6936117
266.7052347
266.6898542
266.7441141
266.7211992
266.7510062
266.7896131
266.7945971
266.7730255
266.8131121
266.8689296
266.8457421
266.8187581
266.8764641
266.8545031
266.8589031
266.8658145
266.9094055
266.9493947
266.9196851
266.926032
266.965223
266.931055
266.9297895
266.9429505
266.9577275
266.9796495
266.9928105
267.0198334
267.0379979
267.0738013
267.0571164
267.0834774
267.1030048
267.1007269
267.1110649
267.0997729
267.1151729
267.1505869
267.1612559
267.1803744
267.1678364
267.2048468
267.2023353
267.2058592
267.2094026
267.2180273
267.2145813
267.2274308
267.2829563
267.2898483
267.2810678
267.3218358
267.3089862
267.3168128
267.3111668
267.3205897
267.3303242
267.3378392
267.3459772
267.4099133
267.3852266
267.3779842
267.4086478
267.427669
267.4115292
267.4102442
267.4237752
267.4450937
267.4463592
267.4871271
267.5272721
267.4993342
267.4920333
267.5423411
267.5348066
267.5329181
267.5567676
267.5514331
267.577833
267.5664047
267.5633481
267.6533725
267.609139
267.6172965
267.6621335
267.6292115
267.629523
267.6511725
267.6546185
267.662776
267.655553
267.695698
267.7148749
267.730197
267.7236165
267.7490234
267.7496464
267.7643844
267.7760853
267.7675189
267.7851967
267.8047436
267.8208444
267.8183524
267.8358939
267.8503204
267.8437204
267.8362054
267.8337134
267.8584779
267.8700814
267.9020688
267.9191626
267.9309413
267.9218298
267.9632208
267.9594633
267.9594633
267.9946048
267.9858243
267.9817358
267.9952278
268.0287922
268.0392665
268.0385267
268.0551532
268.0673602
268.0445816
268.0896327
268.1056362
268.0529143
268.0664257
268.1300892
268.1125282
268.1172397
268.1532962
268.1561192
268.1420236
268.186296
268.1915721
268.1746341
268.1790147
268.1849722
268.1925066
268.1868606
268.2414321
268.2840886
268.2364091
268.2436321
268.2768267
268.2608816
268.2680851
268.2850426
268.2803116
268.2840886
268.3251875
268.348375
268.3298601
268.3359149
268.3433715
268.3477715
268.3459804
268.358421
268.3784935
268.3882085
268.3863395
268.435265
268.428373
268.422727
268.4251995
268.439334
268.4544029
268.4676418
268.4741445
268.4694524
268.4816984
268.4863904
268.4964364
268.5020824
268.5256009
268.5494309
268.5340699
268.5209089
268.5629229
268.5372044
268.5161779
268.5833069
268.5732803
268.6008678
268.6121598
268.6265863
268.6190713
268.6416358
268.6521101
268.6541933
268.6197917
268.6306748
268.6905808
268.6883808
268.6965188
268.7278833
268.7260143
268.7187913
268.7156568
268.7201346
268.7498442
268.7309594
268.7426407
268.7821627
268.7611557
268.7652052
268.8197962
268.7724282
268.8100812
268.8439377
268.8320227
268.8373572
268.8317112
268.8402386
268.8495837
268.8611872
268.8759252
268.8991516
268.9104436
268.9256683
268.9217161
268.8919286
268.9010206
268.9138312
268.9242471
268.9217161
268.9709531
268.9559231
268.9916681
268.9816221
269.007983
269.0006433
268.9885336
269.0098521
269.0026486
269.035259
269.043105
269.0474855
269.053151
269.0892075
269.1184888
269.1008305
269.075735
269.1370427
269.09828
269.0865792
269.1409754
269.125595
269.142494
269.1685629
269.1600355
269.152871
269.1494444
269.1880124
269.153494
269.157894
269.1883239
269.1836124
269.1782195
269.1914584
269.1986619
269.2021274
269.2511697
269.2788935
269.2218884
269.2303574
269.2831572
269.2287804
269.2294034
269.2874209
269.2695484
269.2824174
269.3156509
269.2969412
269.2908279
269.3203623
269.3369888
269.3220561
269.3090703
269.3375729
269.3520383
269.3496631
269.3652188
269.4135018
269.4128983
269.4072523
269.4072523
269.4172788
269.3881143
269.4084983
269.4153903
269.4320168
269.4592928
269.4746732
269.4586892
269.4621352
269.4856537
269.4823635
269.4988342
269.4988147
269.4865882
269.5132607
269.5286217
269.5421137
269.5380252
269.5668782
269.5913506
269.5888392
269.5910586
269.6043948
269.5734782
269.5672091
269.6186461
269.6084249
269.6205151
269.6474991
269.6415416
269.6010657
269.6650601
269.6515681
269.6493681
269.6782211
269.6631716
269.6587911
269.7193006
269.7064511
269.7061006
269.7230776
269.7290351
269.7221236
269.7284121
269.7506845
269.7406386
269.7327926
269.7433253
269.7688685
269.744104
269.7400155
269.8011675
269.7795375
269.767934
269.813725
269.7803357
269.788941
269.791764
269.7920755
269.7787588
269.8190595
269.841001
269.8441355
269.8723655
269.8532275
269.851047
269.8695425
269.8700292
269.8616965
269.846024
269.859516
269.8820999
269.9047034
269.9203564
269.8978893
269.9043724
269.9245033
269.9329139
269.920629
269.9162874
269.9266254
269.9247369
269.9495209
269.9887314
269.9653686
269.9799509
270.027533
269.9843509
269.9808854
270.0160268
269.9837084
269.9830854
270.0047348
270.0110039
270.0244958
270.0219843
270.0442373
270.0232304
270.0320108
270.0540497
270.0759328
270.0310763
270.0530373
270.0853363
270.0744921
270.0762443
270.1314388
270.0947398
270.1038318
270.1612263
270.1207893
270.0944283
270.1452423
270.1308158
270.1157663
270.134729
270.1621802
270.1428476
270.1734722
270.1640687
270.1935447
270.1782811
270.1722068
270.1869447
270.1643802
270.1784952
270.1944792
270.2154862
270.2151747
270.2528277
270.2430932
270.2384012
270.2549887
270.2584737
270.2223977
270.2669232
270.2568967
270.2611993
270.2807461
270.2891957
270.2700966
270.2797727
270.2986186
270.2898381
270.3140575
270.2891957
270.2794807
270.3036222
270.3136681
270.3007992
270.3519246
270.3447211
270.3450326
270.3716856
270.3792201
270.3441176
270.3876891
270.3572591
270.3337406
270.3654166
270.3799794
270.4062041
270.4002271
270.4212341
270.4061846
270.4165421
270.4184306
270.4303845
270.3842431
270.4168536
270.4090271
270.4221881
270.4424358
270.4516641
270.446972
270.463579
270.4902515
270.449795
270.4660905
270.5106355
270.467979
270.4722817
270.510947
270.5043665
270.500278
270.5467115
270.4943205
270.5197275
270.547646
270.552338
270.5451345
270.543577
270.544823
270.548892
270.564876
270.5893485
270.5768105
270.5912369
270.5940405
270.5786989
270.6044174
270.6066174
270.588414
270.586214
270.5790104
270.6200899
270.6266899
270.6257749
270.6273129
270.6247235
270.6495659
270.6357819
270.6370863
270.6242758
270.6314598
270.6423624
270.6498774
270.6392279
270.6640119
270.6799959
270.6966224
270.6740384
270.6705924
270.6872189
270.6756154
270.6900419
270.6930011
270.6925534
270.7119834
270.7267408
270.7180966
270.7261178
270.7373904
270.7176488
270.7333213
270.7508823
270.7119834
270.7279868
270.7455478
270.7449248
270.7685991
270.7656203
270.7609088
270.7828698
270.8164343
270.7737583
270.7954273
270.8147794
270.7750433
270.7809813
270.8245723
270.7951158
270.7961087
270.8402643
270.8315033
270.8110998
270.8626341
270.8192573
270.8201918
270.8503103
270.8211458
270.8255068
270.8581562
270.8857437
270.8688058
270.8854322
270.8804287
270.8550217
270.8848482
270.8844977
270.8738287
270.8772942
270.8804093
270.9045313
270.9155702
270.9045702
270.9145967
270.8979897
270.9233967
270.9158622
270.9155507
270.9318657
270.9023702
270.9247011
270.9328002
270.9214887
270.9494267
270.975554
270.9506727
270.9763912
270.9679222
270.9519382
270.9681753
270.9575647
270.9489984
270.9550727
271.0011557
270.996561
270.9920831
271.0140441
271.0105786
270.9930177
271.0102671
271.0005327
270.9857947
271.0178016
270.9995982
271.0270688
271.0457006
271.0174901
271.0679731
271.0504121
271.0372316
271.0491661
271.0457006
271.0428971
271.0444352
271.0513466
271.0701731
271.0485236
271.0918031
271.0864881
271.0654616
271.0777076
271.1134526
271.0810562
271.0893111
271.0798881
271.0661041
271.0905376
271.0993376
271.1228561
271.1448171
271.1162756
271.1423056
271.1576666
271.1211817
271.1413905
271.1402419
271.1153411
271.1363481
271.1307021
271.1244331
271.158309
271.1465303
271.1567321
271.164578
271.1823921
271.1630205
271.1858965
271.1755001
271.1529745
271.162378
271.1814966
271.1733585
271.2480025
271.2195389
271.2144575
271.2530255
271.2291565
271.220415
271.242668
271.2094345
271.2009655
271.2385795
271.2282415
271.229176
271.2683865
271.213192
271.2104664
271.290659
271.2401565
271.2684254
271.2875245
271.220084
271.2354645
271.2752785
271.244868
271.2740909
271.3300641
271.2737404
271.3019509
271.3358269
271.2997315
271.3028855
271.3201349
271.2774979
271.2864731
271.3170199
271.2897244
271.2950395
271.3706374
271.323873
271.3063509
271.3615454
271.3038394
271.3245349
271.3355349
271.3107314
271.3345614
271.3549649
271.3458729
271.3514994
271.3568339
271.3847524
271.3514994
271.3602994
271.3549454
271.3571454
271.3819294
271.3643684
271.3546339
271.3806834
271.3788144
271.3929099
271.4010674
271.3819294
271.3938444
271.3859984
271.3919754
271.3918586
271.3910214
271.3947984
271.3954214
271.3998019
271.4102567
271.4208283
271.4452813
271.4499928
271.4248974
271.4409008
271.4490389
271.4540618
271.4575273
271.4590848
271.4506158
271.4750883
271.4813573
271.4869254
271.4709998
271.4835573
271.5054988
271.4794688
271.4876263
271.4841803
271.4691308
271.4964068
271.5054988
271.4760228
271.5378173
271.5277713
271.4888918
271.5459748
271.5249483
271.4907608
271.5183678
271.4970298
271.4932723
271.5513871
271.5183678
271.5014298
271.552088
271.4807343
271.5280633
271.535773
271.5340208
271.5258828
271.5343713
271.5174138
271.5296598
271.5415748
271.5399978
271.5387518
271.5617641
271.5669818
271.5560013
271.5591358
271.5516208
271.5362598
271.5704278
271.5528668
271.5534898
271.5629127
271.5763853
271.5868011
271.6002152
271.5591358
271.5763853
271.5701163
271.5525553
271.5610243
271.5575782
271.5578898
271.5817197
271.5751392
271.5892542
271.5942772
271.6133568
271.6205798
271.6037586
271.5804543
271.6061727
271.601325
271.5803569
271.6155957
271.6191196
271.618847
271.6227992
271.6024152
271.5795198
271.6334682
271.6099497
271.5993002
271.6184187
271.6055497
271.5936347
271.6334682
271.6093462
271.6262452
271.6720557
271.6466292
271.631385
271.660277
271.6381602
271.6209302
271.6678893
271.6109037
271.6262647
271.6391142
271.632631
271.6416257
271.6971317
271.6247072
271.610748
271.6592062
271.6259532
271.6789477
271.6485177
271.6275107
271.6579991
271.6594982
271.6623212
271.6955547
271.7049777
271.6952627
271.6864238
271.6566752
271.6751902
271.6604522
271.6645212
271.6670327
271.6595177
271.6607637
271.6858397
271.6842627
271.6823937
271.7084042
271.6877282
271.6958857
271.702252
271.6987087
271.6993317
271.6949512
271.690045
271.7125121
271.7222272
271.7168343
271.7300731
271.7426111
271.7278731
271.7310077
271.7275811
271.7277953
271.7143812
271.7002662
271.7156466
271.7081122
271.7382306
271.7727296
271.7410536
271.7093776
271.7677066
271.7479456
271.7518589
271.7592571
271.7200272
271.713875
271.7630146
271.7457456
271.7793101
271.7906021
271.7697119
271.7912251
271.7921791
271.7404306
271.7645721
271.7658181
271.7651951
271.7561031
271.7438766
271.7598606
271.7793101
271.7404306
271.7808871
271.7476341
271.7598801
271.7971826
271.7661491
271.7642606
271.7764871
271.7347846
271.7565314
271.7818216
271.7742871
271.7692836
271.8016021
271.7928216
271.7972215
271.8025171
271.7924906
271.7734694
271.7890251
271.7755526
271.7677261
271.8008233
271.8169436
271.7912251
271.7842163
271.7887331
271.7815101
271.7840216
271.8019136
271.7834181
271.7783756
271.7940481
271.7789986
271.7846641
271.8251011
271.808864
271.8015826
271.8420391
271.8342126
271.8025171
271.8015826
271.8078516
271.8133613
271.7884216
271.8120569
271.8147631
271.8244781
271.8436161
271.8423506
271.8087861
271.8652461
271.8238551
271.8304356
271.8476851
271.8258993
271.8093702
271.8407736
271.8131861
271.8284887
271.8489116
271.8379701
271.8476851
271.852124
271.8367046
271.8426815
271.8328108
271.8414161
271.8207206
271.806625
271.8454851
271.8448621
271.8276126
271.873092
271.842993
271.8414161
271.8784265
271.8312727
271.8355559
271.8505081
271.8238551
271.8379701
271.8553364
271.8395276
271.8655576
271.8686921
271.8561541
271.8555311
271.8420391
271.8530196
271.8442391
271.8379701
271.8591912
271.8407931
271.8351471
271.8530196
271.8583346
271.8495736
271.8712036
271.8476851
271.875292
271.8727805
271.8599116
271.8658885
271.8633576
271.8684
271.882807
271.8690036
271.889407
271.896299
271.8818725
271.91166
271.8875185
271.89223
271.8925415
271.864623
271.8614691
271.873092
271.8693345
271.8837805
271.894099
271.896922
271.9094795
271.910122
271.9048848
271.9151255
271.8734035
271.875915
271.882807
271.8621116
271.896299
271.8655576
271.8703859
271.922037
271.896299
271.8687115
271.903191
271.864623
271.8652655
271.885007
271.8636885
271.8705805
271.8856495
271.8552195
271.9123804
271.8796725
271.885007
271.8659275
271.8862725
271.899745
271.877531
271.874046
271.877492
271.851462
271.8476851
271.9007769
271.8574001
271.8715345
271.8991415
271.91606
271.877492
271.901945
271.890653
271.888784
271.8643115
271.874046
271.8536426
271.8523965
271.880315
271.8828265
271.908214
271.91166
271.8871486
271.900407
271.8909061
271.8931645
271.873715
271.8652461
271.873715
271.876538
271.8647399
271.9063255
271.883761
271.9000565
271.905391
271.8943911
271.8856495
271.872469
271.876538
271.882515
271.861177
271.8687115
271.877492
271.8812495
271.9173255
271.8966105
271.8765575
271.914814
271.864623
271.893476
271.8909645
271.8602231
271.8643115
271.8709115
271.861177
271.873423
271.8567771
271.9020813
271.8949751
271.8721575
271.911991
271.875292
271.8658885
271.882184
271.8401506
271.8596001
271.8706
271.8845787
271.8742796
271.8720602
271.914191
271.877492
271.8721575
271.911037
271.8649346
271.866823
271.8680691
271.8564656
271.871846
271.8727805
271.8708921
271.8912955
271.8665115
271.8881415
271.8730142
271.8652461
271.8812495
271.8721575
271.858354
271.8718266
271.8589771
271.8658691
271.8596001
271.8705805
271.8750584
271.8721575
271.8594248
271.8790495
271.8868955
271.8863309
271.8756035
271.8545381
271.8677576
271.8536426
271.8749805
271.8541488
271.8919185
271.876869
271.8800035
271.8966884
271.8816778
271.858354
271.8881415
271.8527275
271.8478019
271.8514426
271.84237
271.8636691
271.8818725
271.88783
271.8784265
271.8533311
271.905391
271.866823
271.8836247
271.89223
271.8389046
271.848016
271.8677576
271.8539735
271.8891929
271.8603788
271.884384
271.8762265
271.8627346
271.8866424
271.8828265
271.8429736
271.904768
271.8351276
271.849262
271.869646
271.8279241
271.8817752
271.891607
271.8595417
271.8542656
271.8555311
271.8523965
271.8649346
271.848016
271.8602425
271.8304356
271.8348161
271.8734035
271.849262
271.8558426
271.8840725
271.8614885
271.8657133
271.8483081
271.864
271.8677186
271.832071
271.8389046
271.8288586
271.8242639
271.8451736
271.8621116
271.8530196
271.8477435
271.8376586
271.8461275
271.8423506
271.8699575
271.8262303
271.8279241
271.8229206
271.8191631
271.8246728
271.8203896
271.8649346
271.8655576
271.843363
271.8715345
271.8614885
271.8357701
271.8232321
271.8363931
271.8321099
271.8040941
271.8431099
271.8166321
271.8160091
271.8266781
271.8175666
271.8151719
271.8072286
271.7973773
271.8216551
271.7918481
271.8222781
271.7924906
271.7688942
271.8163206
271.7909136
271.8111613
271.8081631
271.8363931
271.8484054
271.8226091
271.862131
271.8407931
271.8144516
271.8433046
271.7952162
271.8103631
271.8114533
271.7942428
271.8282356
271.8119401
271.8298126
271.8040941
271.8194551
271.8476851
271.8069171
271.8006481
271.8194551
271.7852676
271.7874676
271.8103631
271.8040941
271.8304356
271.8075401
271.8395276
271.8157365
271.8004534
271.7890446
271.7799331
271.7887331
271.7928216
271.7642606
271.7924906
271.7832039
271.8111224
271.7808871
271.7962481
271.7824446
271.7616518
271.7749296
271.7664411
271.7746181
271.7673951
271.7551686
271.7648836
271.7542341
271.7695756
271.7658376
271.7813738
271.7868446
271.7695951
271.7993826
271.7813544
271.7692836
271.7899791
271.7432342
271.7664606
271.7328961
271.7437598
271.7474979
271.7548571
271.7871366
271.7476341
271.7537474
271.7601527
271.7358554
271.7611261
271.7197351
271.7281847
271.7376076
271.7269581
271.7567261
271.7366342
271.7441881
271.7540005
271.7335191
271.7717951
271.7297616
271.7545261
271.7419881
271.7024662
271.7501262
271.7131352
271.6946202
271.7448111
271.7008113
271.7300731
271.7404306
271.7065547
271.7165812
271.7043547
271.7354076
271.7081706
271.6946397
271.7200466
271.6921866
271.6999547
271.7059316
271.6974627
271.7137582
271.6943087
271.7140697
271.7263156
271.7306961
271.7115582
271.7056201
271.6971317
271.6890521
271.6836592
271.6654557
271.6598292
271.6899282
271.6676557
271.6911936
271.6685902
271.6983972
271.6965087
271.6952627
271.6855282
271.6654557
271.6582522
271.6548062
271.6685902
271.6736132
271.6582522
271.7068662
271.6892857
271.6723672
271.6955936
271.6663902
271.6780132
271.6444487
271.6849052
271.6594982
271.6344027
271.6739442
271.6261284
271.6422292
271.6714132
271.6563637
271.6413142
271.6240647
271.6654557
271.6196842
271.6635867
271.6288735
271.6199568
271.6253302
271.6021037
271.6324948
271.6039922
271.6227992
271.6312877
271.6231302
271.6306452
271.6096188
271.6497832
271.6341107
271.6046152
271.6362912
271.5908117
271.5892542
271.5936347
271.5945887
271.5870542
271.5672933
271.6315992
271.5823428
271.6026683
271.6168417
271.5920772
271.5958347
271.569941
271.5955038
271.5582013
271.5650933
271.5823428
271.5732508
271.5958347
271.5710702
271.6001179
271.5704278
271.5732508
271.5616473
271.5443978
271.5597588
271.5509783
271.5575393
271.5509783
271.5265447
271.5437748
271.5553783
271.5622703
271.5553588
271.5331058
271.5494208
271.5221253
271.5635357
271.5442226
271.5591358
271.5164793
271.5296598
271.5302828
271.524812
271.5409518
271.5318598
271.5425093
271.5516208
271.5431518
271.5349943
271.5098988
271.5255713
271.5080103
271.4826033
271.5146103
271.5019749
271.5158563
271.5073873
271.5343518
271.4967183
271.5039218
271.5036298
271.4901378
271.4936033
271.4876263
271.4935838
271.4841803
271.4747768
271.4960953
271.4694228
271.4957838
271.4844918
271.4910723
271.4954723
271.4703768
271.5180563
271.4515698
271.4744458
271.4641078
271.4549964
271.4531273
271.4274089
271.4833626
271.4430814
271.4473645
271.4779113
271.4509468
271.4374548
271.4387008
271.4590654
271.4283434
271.4434513
271.4471698
271.4164284
271.4170514
271.4252089
271.4339894
271.4295894
271.4180054
271.4512388
271.4553273
271.4449504
271.4038904
271.4289858
271.4227168
271.3835064
271.4085824
271.3885294
271.3982444
271.3979329
271.4336779
271.4162921
271.4238071
271.4092249
271.3994904
271.4076673
271.3991789
271.4054479
271.3834869
271.3678144
271.3719029
271.3659259
271.3806834
271.3566782
271.3976214
271.3951099
271.3790675
271.3863294
271.3794179
271.3615259
271.3668799
271.3972904
271.3333154
271.3446074
271.3192004
271.3722339
271.3380269
271.3336269
271.3618374
271.3464959
271.3417844
271.3167084
271.3577879
271.3258004
271.3364499
271.3584109
271.3132429
271.3361384
271.30602
271.3470994
271.3226464
271.323873
271.3558994
271.3317579
271.3595401
271.30602
271.3254694
271.3126199
271.2927811
271.312289
271.2849156
271.2887899
271.2746555
271.3279809
271.2774785
271.27779
271.3279809
271.2853245
271.2859475
271.2746555
271.2965386
271.2666343
271.25616
271.250514
271.2338875
271.2429795
271.234822
271.2769528
271.2511565
271.25396
271.252091
271.235445
271.2558485
271.2430768
271.2433105
271.2252433
271.221038
271.2084805
271.2072345
271.2100575
271.194054
271.212861
271.237022
271.1997
271.1987655
271.2241725
271.1874735
271.2015885
271.2078575
271.213815
271.2022115
271.182139
271.166778
271.168978
271.1727161
271.1603922
271.1981425
271.1796275
271.158309
271.1912505
271.1733585
271.1792576
271.1535976
271.1615798
271.1423056
271.1510666
271.1247446
271.1501515
271.1294561
271.1275676
271.1535976
271.1394826
271.1451286
271.1049836
271.1443498
271.1002721
271.1247446
271.0980721
271.0996491
271.1087606
271.0852226
271.1090331
271.0914916
271.1131411
271.1098898
271.136056
271.1158667
271.1115836
271.1002916
271.0927571
271.0962031
271.0548121
271.1194101
271.0601271
271.0462458
271.0626776
271.0438316
271.0642156
271.0576156
271.0780191
271.0504121
271.0480564
271.0729961
271.0560581
271.0532546
271.0391201
271.0253361
271.0018955
271.0334741
271.0156016
271.0174707
271.0224936
271.0121556
271.0287626
271.0218706
271.0331432
271.0115132
271.0178016
270.9974176
271.0011751
270.9748337
270.9889486
270.9672992
270.9581293
270.9804797
270.9839257
270.9708231
270.9839257
271.0017982
270.9666956
270.9854442
270.9664815
270.9751452
270.9585187
270.9462727
270.9528727
270.9456497
270.9563966
270.9412692
270.9581877
270.9415807
270.9532037
270.9249542
270.9726337
270.9387577
270.9277577
270.9268232
270.9287117
270.9233578
270.9102162
270.9249542
270.8976782
270.9177507
270.9039472
270.9130392
270.8860552
270.8979897
270.8888782
270.9067702
270.8951667
270.8863862
270.8923242
270.8650483
270.8782287
270.8660022
270.8901437
270.8619138
270.8656907
270.8998587
270.8622253
270.8838942
270.8521987
270.8956924
270.8509917
270.8529775
270.8352608
270.8465527
270.8349493
270.7955441
270.8415298
270.8082768
270.8267723
270.8206201
270.8534448
270.8167458
270.8085883
270.8170573
270.7969848
270.7966733
270.7891388
270.8051423
270.7618628
270.7835123
270.7722203
270.8117228
270.7800468
270.7860043
270.8027866
270.7878928
270.7894503
270.7816238
270.7712858
270.7562168
270.7637513
270.7508823
270.7414788
270.7378187
270.7336328
270.7373904
270.7471248
270.7443018
270.7298753
270.7286099
270.7166754
270.7226524
270.7257869
270.7176294
270.7113409
270.7047799
270.6988224
270.6919109
270.6900419
270.7126064
270.6925923
270.7267408
270.6918525
270.6869074
270.7157603
270.7170258
270.6743499
270.6665039
270.6793924
270.6768614
270.6643234
270.6201094
270.6661924
270.6235554
270.6469766
270.6577234
270.6683924
270.6373394
270.6495854
270.6379819
270.6483199
270.6229324
270.6197784
270.6276244
270.5840334
270.6141324
270.576752
270.6147554
270.5780759
270.6122634
270.6037944
270.6273129
270.5931254
270.6019059
270.625035
270.5921909
270.5915485
270.5699184
270.5984794
270.558315
270.567037
270.5460885
270.5808016
270.5410655
270.5789326
270.548269
270.582768
270.5558035
270.5398
270.5639609
270.5338425
270.543577
270.515347
270.536646
270.5175275
270.51377
270.499032
270.535731
270.5056125
270.5071895
270.5147045
270.508747
270.522862
270.5127576
270.4953718
270.4974745
270.48114
270.462956
270.4767595
270.463579
270.4582446
270.445103
270.4682905
270.4501065
270.4660905
270.4551101
270.472379
270.453864
270.4647082
270.4388145
270.441949
270.4105262
270.3902006
270.3996041
270.4052501
270.4130766
270.4062041
270.4130961
270.4070023
270.3964696
270.4001492
270.4080731
270.3823546
270.3817316
270.3848661
270.3936466
270.3745086
270.3762413
270.3575706
270.3853139
270.3459866
270.3388026
270.3629051
270.3679281
270.3635281
270.3635476
270.3635476
270.3494326
270.3579016
270.3394645
270.3468822
270.3089761
270.3296521
270.3023761
270.3218451
270.3077106
270.3262061
270.2907921
270.3390751
270.2992416
270.3186911
270.3164911
270.3284061
270.3061337
270.2935957
270.2873072
270.2813691
270.2785462
270.2321322
270.2659692
270.2481162
270.2860612
270.2653657
270.3038363
270.2318207
270.2399587
270.2308667
270.2638082
270.2089057
270.2380702
270.2343127
270.2211517
270.1860102
270.2042137
270.2258437
270.2082827
270.2173747
270.2061217
270.2104827
270.1973022
270.1969907
270.1806173
270.1847642
270.1822527
270.1778722
270.1599803
270.1719147
270.1581112
270.1267273
270.1233008
270.1577803
270.1314388
270.1414847
270.1214123
270.1430423
270.1207698
270.1409201
270.1185893
270.1254813
270.1157663
270.1019628
270.0828248
270.1058371
270.0875168
270.1128459
270.0922478
270.0947398
270.0972513
270.0884708
270.0972513
270.0966088
270.0740443
270.0508373
270.0608833
270.0677753
270.0426798
270.0226073
270.0380268
270.0128923
270.0364108
270.0352038
270.0423683
270.0270073
270.0451913
269.9912429
270.0276303
269.9959544
269.9918659
269.9703722
269.9972977
269.9495209
269.9630129
269.9595669
269.9887508
269.9583209
269.9849933
269.9671014
269.9940659
269.9573474
269.9545634
269.9501634
269.9696129
269.9606961
269.9498519
269.9460749
269.9366714
269.9366714
269.9131529
269.9498519
269.9241334
269.9344714
269.9071954
269.9601899
269.9071954
269.9159759
269.8839884
269.9495209
269.8849229
269.9228874
269.8924379
269.9112644
269.8688026
269.8733194
269.8598275
269.8968379
269.8745655
269.8946379
269.872677
269.8815743
269.8807955
269.8654735
269.838178
269.8477372
269.8487691
269.8332329
269.8100454
269.8178135
269.804302
269.8071445
269.8083516
269.825017
269.803679
269.8127905
269.8021215
269.7698225
269.7836065
269.7897782
269.7782915
269.774203
269.7528845
269.762288
269.7472385
269.7415925
269.7389058
269.7362386
269.7331235
269.7634562
269.7240315
269.7233891
269.7505093
269.7460899
269.7155625
269.6986246
269.7004936
269.6964246
269.6757291
269.6581681
269.6829131
269.6829326
269.6867096
269.6791556
269.6857556
269.6769751
269.6722831
269.6123576
269.6791751
269.6528336
269.6587911
269.6314956
269.6396531
269.6048621
269.6230266
269.5998196
269.6173806
269.5853931
269.6111116
269.5979312
269.6217806
269.5822586
269.5885276
269.5562287
269.6067116
269.5552747
269.5665667
269.5305102
269.5888392
269.5339562
269.5408482
269.5267332
269.5722127
269.5411597
269.5609401
269.5565402
269.5897737
269.5218465
269.5348907
269.4969652
269.5317562
269.4790537
269.4938112
269.4740502
269.4878537
269.4467158
269.4684042
269.4527123
269.4680733
269.4702733
269.4715387
269.4492663
269.4650556
269.4603051
269.4483317
269.4169673
269.4702927
269.4238593
269.4166558
269.4216788
269.4144363
269.4022293
269.3937603
269.4019178
269.3987638
269.3749338
269.3953373
269.3843373
269.4069408
269.3595533
269.3743108
269.3579958
269.3608188
269.3354118
269.3445038
269.3097907
269.3369888
269.3247234
269.3231853
269.3031323
269.3319658
269.3134703
269.3244314
269.3178119
269.3272543
269.3075128
269.3053128
269.2893094
269.2939624
269.2730139
269.2623449
269.2391379
269.2617024
269.2419609
269.2554529
269.2541874
269.2438494
269.2632794
269.2676599
269.2689254
269.239722
269.2544989
269.2300459
269.2284689
269.2253344
269.2256459
269.2090194
269.1904071
269.2058654
269.2005504
269.1845664
269.2115309
269.1849169
269.2145486
269.1434675
269.1971044
269.1588285
269.1964425
269.128418
269.1503595
269.1186835
269.1710939
269.109611
269.114634
269.091719
269.140956
269.0914075
269.1318445
269.1019986
269.119326
269.08325
269.082627
269.0863845
269.106165
269.060666
269.062243
269.064735
269.0914075
269.0405935
269.0412165
269.0246095
269.047174
269.0224095
269.043767
269.0120521
269.0390166
269.0293015
269.0377705
269.0117406
269.0030963
269.0070291
269.0054716
268.9549691
268.9596806
268.9599921
268.9421196
268.9182701
268.9477656
268.9581036
268.9471231
268.9505691
268.9509001
268.9207816
268.9405426
268.9405426
268.9186011
268.9123126
268.897672
268.8735889
268.8687217
268.8900596
268.8805588
268.8806367
268.8680792
268.8963286
268.8837712
268.8891056
268.8580332
268.8784367
268.8671641
268.8568067
268.8389147
268.8320422
268.8150847
268.8191537
268.7824742
268.8003467
268.8100617
268.8019042
268.7823963
268.7846547
268.7903202
268.7652052
268.7925007
268.7545557
268.7809556
268.7489097
268.7787167
268.7382602
268.7671132
268.7122108
268.7368974
268.7059807
268.7432637
268.7131647
268.7238143
268.6949613
268.7269488
268.7200568
268.7172338
268.7053188
268.7235028
268.6905808
268.6879525
268.6673543
268.6633048
268.6582623
268.6243863
268.6131138
268.6144766
268.6375668
268.6002448
268.6156058
268.6065138
268.6435243
268.6071368
268.5999333
268.5908413
268.616735
268.5745264
268.5785954
268.5613459
268.5763954
268.5415849
268.5547654
268.5554857
268.5538309
268.5412734
268.5520592
268.5400274
268.5312469
268.5265354
268.5196434
268.522739
268.5051974
268.5061514
268.4901479
268.4788365
268.4657339
268.4772984
268.4578489
268.462541
268.4591144
268.4631834
268.452826
268.4531959
268.44058
268.4349535
268.4347782
268.4427994
268.4151925
268.422727
268.4151925
268.3924722
268.3970085
268.3813165
268.39512
268.3552865
268.3716015
268.3581095
268.400766
268.3756705
268.3742493
268.3455715
268.3520741
268.3427485
268.329568
268.3154531
268.3179645
268.2989823
268.2897346
268.2633931
268.2665276
268.263471
268.2517896
268.2426976
268.2831735
268.2731276
268.2441383
268.2618356
268.243671
268.2633736
268.2097561
268.2373631
268.2066411
268.2313861
268.1711881
268.2034871
268.1783916
268.2047331
268.1959526
268.2031756
268.1833368
268.2022216
268.1812146
268.1667882
268.1409334
268.1852837
268.1539386
268.1366892
268.1344697
268.1240733
268.1517387
268.1084592
268.1103282
268.0965247
268.1322892
268.0930787
268.1025796
268.0858752
268.1089459
268.0444647
268.0353727
268.0432187
268.0645372
268.0372418
268.0419727
268.0291037
268.0278577
268.0197002
267.9886667
267.9839358
267.9936508
267.9945853
267.9795553
267.9845588
267.9689642
267.9876349
267.9842668
267.9814243
267.9600863
267.9572633
267.957458
267.9381448
267.9102263
267.8983697
267.9077148
267.8854618
267.8819964
267.8923538
267.887584
267.8681929
267.8738389
267.8719699
267.8757274
267.8427859
267.8374709
267.8236479
267.8252249
267.8305594
267.8020179
267.8057949
267.7973064
267.7866569
267.7810109
267.7938604
267.7788109
267.8029719
267.7951259
267.7840481
267.7691154
267.8073524
267.7703419
267.7427544
267.7408465
267.7192165
267.7283085
267.7164129
267.7147386
267.6778255
267.7192165
267.6772025
267.677514
267.6881635
267.6982095
267.6862945
267.6652875
267.653976
267.649907
267.655553
267.6241885
267.6332805
267.6056736
267.631392
267.5940701
267.5962701
267.5711746
267.5874896
267.5783976
267.5577021
267.5451446
267.5783976
267.5962701
267.5608171
267.5667941
267.5354491
267.5476561
267.5134686
267.5159801
267.4953236
267.5200686
267.4535627
267.4802351
267.4545556
267.4971731
267.4544972
267.4692546
267.4598511
267.4739467
267.4563857
267.4388247
267.4171363
267.4203097
267.4281557
267.3910479
267.4002567
267.3757842
267.3895877
267.3482356
267.3557117
267.3450233
267.3848762
267.3629347
267.3560232
267.3523436
267.3801842
267.3606763
267.3651152
267.3541542
267.3318817
267.3287472
267.3183313
267.3096093
267.2926713
267.2951828
267.2644608
267.2851173
267.2625528
267.2603723
267.2653953
267.2431228
267.2550378
267.2387228
267.2484573
267.2409228
267.2424803
267.2195848
267.2023353
267.2136857
267.1794593
267.1769478
267.1596789
267.1556099
267.1468294
267.1524754
267.1339799
267.1472577
267.1261339
267.1192224
267.1029074
267.1342719
267.1217339
267.0885004
267.081511
267.0565129
267.0770527
267.0316705
267.0464475
267.0170104
267.0430209
266.9947185
267.0067892
266.991584
266.992207
267.0044335
266.9711805
266.9890725
266.965846
267.0031875
266.9467275
266.947662
266.933255
266.9360585
266.903448
266.9015595
266.8767756
266.8805525
266.8901118
266.8755296
266.8925844
266.8733296
266.896225
266.8538801
266.8592146
266.8332041
266.8669632
266.8027352
266.8175121
266.7986856
266.7980626
266.8040201
266.7798786
266.774953
266.7519407
266.7808131
266.7299992
266.7600982
266.7165072
266.7588521
266.7146187
266.6964347
266.6933197
266.7350027
266.7158647
266.6926772
266.6929303
266.6813852
266.6685357
266.6500012
266.6427977
266.6321482
266.6522207
266.6199023
266.6324597
266.6211677
266.6293058
266.6142757
266.6208562
266.5979607
266.5691078
266.5844688
266.5709768
266.5669078
266.5371203
266.5321168
266.5073133
266.5010248
266.5092018
266.5016673
266.4969558
266.4775064
266.4841063
266.4800178
266.4828408
266.4634108
266.4496074
266.4232464
266.4286004
266.4182429
266.4047509
266.3849899
266.3714979
266.3765209
266.3605174
266.3708749
266.3454679
266.3533139
266.3395104
266.3332414
266.3216574
266.332599
266.307523
266.2874505
266.268624
266.258909
266.2749125
266.2269215
266.2429055
266.205895
266.228479
266.1902225
266.1811305
266.1839535
266.1833889
266.1959075
266.1481891
266.1648156
266.1285254
266.1601235
266.1337626
266.1331396
266.1193361
266.1190246
266.0986406
266.0848371
266.0675876
266.0569186
266.0707416
266.0421806
266.0578532
266.0261772
266.0562956
266.027248
266.0296426
266.0004587
266.0035932
266.0114392
265.9778747
265.9456147
265.9518447
265.9622022
265.9182997
265.9302147
265.8909848
265.9380607
265.8979157
265.8869352
265.8665318
265.8925812
265.8957157
265.8549478
265.8646628
265.8402682
265.8602238
265.7937569
265.8251408
265.7733923
265.7940878
265.7586543
265.7501853
265.7385819
265.7514314
265.7482969
265.7307359
265.7454739
265.721858
265.7188014
265.6990599
265.7050174
265.6814989
265.6562087
265.6498229
265.6513804
265.6476229
265.6363309
265.6225274
265.6185752
265.6165699
265.5991452
265.5864515
265.6012089
265.584894
265.562933
265.5545224
265.5237225
265.512119
265.534703
265.507427
265.5005155
265.4873351
265.4675935
265.4575476
265.4409406
265.4352946
265.4202256
265.4205371
265.3913726
265.416215
265.4001531
265.3926381
265.3849868
265.3904576
265.3876151
265.3546736
265.3386702
265.3135942
265.3449392
265.2878757
265.2935217
265.2492493
265.2511767
265.2524422
265.2426882
265.2147892
265.2495997
265.2357962
265.2053857
265.2184883
265.1937628
265.2039645
265.1583488
265.1621063
265.1338763
265.1385683
265.1027454
265.0902853
265.0864694
265.0551439
265.0796163
265.0513863
265.0611208
265.0303793
265.0542093
265.0457598
265.0037653
265.0037264
264.9796627
264.9952379
264.9403549
264.9538469
264.9152205
264.9574487
264.90021
264.8845374
264.8650685
264.8648154
264.85255
264.8196085
264.805182
264.8001785
264.8478385
264.7870759
264.776952
264.759391
264.781352
264.7245611
264.7264496
264.6910161
264.6687436
264.6703206
264.6317331
264.6355685
264.6289686
264.6295332
264.5984802
264.6113492
264.5799847
264.6032111
264.5812502
264.5592892
264.5464981
264.5235247
264.5294822
264.4814913
264.4758453
264.4419888
264.4388348
264.4320985
264.4115588
264.3879624
264.3892863
264.4102933
264.3745483
264.3836403
264.3613678
264.3585448
264.3397378
264.3342087
264.3137079
264.2911239
264.2858283
264.2443789
264.2269153
264.2004764
264.2032994
264.1829155
264.1822924
264.1768217
264.1744465
264.1819809
264.135859
264.128967
264.1129635
264.1104131
264.0913335
264.072507
264.0518115
264.0320506
264.0311161
263.9900171
263.9767782
263.9498721
263.9737021
263.9285342
263.9473606
263.9210191
263.9075272
263.8998759
263.8705362
263.8764937
263.8319487
263.8504637
263.7965152
263.8234797
263.7787206
263.7946267
263.7450782
263.7268748
263.7040572
263.6923758
263.7020908
263.6632113
263.6632113
263.6252663
263.6691688
263.6098859
263.6280893
263.5995479
263.6221124
263.5819869
263.5471569
263.5356118
263.4972775
263.5250791
263.4621749
263.4665555
263.4270335
263.4525962
263.4242105
263.410407
263.382508
263.402269
263.4038265
263.349255
263.3438427
263.3128676
263.3342055
263.2570306
263.2661421
263.2404236
263.2420006
263.2024592
263.1667142
263.1594912
263.1453957
263.1450647
263.1039852
263.1045303
263.0506598
263.0666632
263.0334297
263.0171148
263.0026883
262.960869
262.9647044
262.9277328
262.9120603
262.8769189
262.8784764
262.8414659
262.8323739
262.8028979
262.7906519
262.7803334
262.740792
262.7247885
262.7044045
262.7053585
262.687778
262.67304
262.64701
262.626003
262.6156456
262.5858581
262.5532281
262.5432016
262.5400476
262.5002336
262.4942567
262.4519312
262.4672922
262.4334162
262.4202357
262.4008057
262.3782217
262.4017402
262.3437033
262.3164273
262.2954982
262.2907088
262.2709478
262.2304913
262.1953693
262.1502014
262.1765623
262.1307519
262.1241714
262.0953184
262.0971874
262.0623964
262.047639
262.0307204
261.9795755
261.969218
261.925335
261.916866
261.8839246
261.8992856
261.8374911
261.8302876
261.7939196
261.7964116
261.7882541
261.7415287
261.7501339
261.6813112
261.7085872
261.6370778
261.6543272
261.5931753
261.6160708
261.5538675
261.5492728
261.4940589
261.4614484
261.4702289
261.3927424
261.3791921
261.3385798
261.3613974
261.29898
261.3053658
261.2462775
261.2634297
261.229359
261.1794796
261.1471806
261.1133046
261.1297948
261.0552677
261.0499527
261.0091847
261.0088537
260.9426787
260.9266753
260.9157142
260.8899958
260.8714808
260.8361057
260.8282013
260.7760635
260.7842988
260.7491574
260.7269044
260.6754674
260.6572639
260.643772
260.5878571
260.5537281
260.5183335
260.5013955
260.4637231
260.4219622
260.4110596
260.3947641
260.3731146
260.3248122
260.3216777
260.2818442
260.2413877
260.222055
260.2092445
260.1544978
260.1416483
260.1149758
260.0641619
260.0255939
259.9768436
259.9798029
259.942773
259.9187678
259.8753715
259.8634175
259.8336495
259.7982355
259.7527366
259.7225013
259.7197951
259.6658466
259.6272786
259.589431
259.5770877
259.5366117
259.5033783
259.4550758
259.4281113
259.4305449
259.3638248
259.3409099
259.3073259
259.2842747
259.2374129
259.192868
259.187845
259.1399708
259.09784
259.0636526
259.0341766
258.9768989
258.9726936
258.9046302
258.8832338
258.8262287
258.8067792
258.7818006
258.7189548
258.7211548
258.6587374
258.6706718
258.5895058
258.5938084
258.5241874
258.5260759
258.480908
258.4171666
258.3699155
258.3077901
258.3297316
258.2334382
258.1988808
258.1503252
258.1584827
258.1095572
258.0725468
258.0319151
258.0004143
257.9743843
257.8884484
257.8765334
257.8376344
257.8121301
257.7228455
257.6958615
257.6472476
257.6089716
257.5644461
257.5005685
257.4803792
257.4615722
257.4260998
257.3706327
257.3637018
257.3094613
257.2758968
257.2574403
257.1974759
257.1444814
257.0817525
257.062926
256.987036
256.9744785
256.8869851
256.8628241
256.7922686
256.7357892
256.6677452
256.6238428
256.5962358
256.5206379
256.4971194
256.4525939
256.4146489
256.34532
256.3111325
256.286037
256.2182851
256.1775171
256.1295261
256.0937812
256.0269832
255.9990647
255.9633003
255.9171978
255.8767413
255.8111894
255.8082495
255.7280764
255.6772624
255.6198485
255.6167335
255.5461585
255.4745712
255.4097396
255.3830672
255.3432337
255.2692127
255.2162183
255.1510167
255.1287053
255.0471499
255.01232
254.9502529
254.907908
254.9025735
254.8097455
254.7720926
254.6839567
254.6670187
254.5917517
254.5556757
254.5070618
254.4643274
254.4173683
254.3260979
254.3022484
254.2307584
254.213509
254.151403
254.1087271
254.0409946
254.0006549
253.9550587
253.8688112
253.8355582
253.7470913
253.7477533
253.6473714
253.6040919
253.5110693
253.4865968
253.4143475
253.3561548
253.3064506
253.2374527
253.2289837
253.1213982
253.1201522
253.0098801
253.0091208
252.9269618
252.8736169
252.802088
252.7770315
252.7290405
252.6211436
252.5866446
252.4997547
252.4636982
252.3620703
252.3131448
252.2497929
252.1864409
252.1422074
252.087636
252.0258805
251.9581091
251.8884881
251.8113132
251.7652107
251.7212888
251.6460413
251.6080573
251.5350098
251.4650579
251.3841255
251.3372832
251.2668251
251.2022271
251.1184911
251.0855497
251.0369357
250.9591573
250.8898478
250.8205383
250.7741049
250.6913035
250.6320205
250.5605305
250.4837839
250.420432
250.3205757
250.2566008
250.1671993
250.1099606
250.0430069
249.9881629
249.9194375
249.8463511
249.8033831
249.7199586
249.6650757
249.5810087
249.5458868
249.4486004
249.3548769
249.2880789
249.2363305
249.1838422
249.0901576
249.0054677
248.9195512
248.8862982
248.7758898
248.7059379
248.6154267
248.5454359
248.498321
248.4086275
248.3442632
248.2420707
248.2085257
248.1087863
248.0495033
247.9610559
247.9020844
247.8136565
247.7251506
247.6587031
247.5530062
247.5195585
247.4008953
247.3403663
247.2490959
247.1713174
247.094454
246.9868881
246.9285396
246.8332002
246.7908552
246.6528398
246.6092683
246.4885024
246.4540034
246.3512853
246.2538237
246.1616772
246.0807642
246.0343697
245.8966658
245.8455404
245.7514469
245.707525
245.575506
245.4412676
245.4011032
245.3276274
245.2574613
245.1188229
245.046048
244.932836
244.8804645
244.7728597
244.7026352
244.6162125
244.5335668
244.4441849
244.3626489
244.2594635
244.1515665
244.0703226
243.9633797
243.8909163
243.7817733
243.6810994
243.6036324
243.5023355
243.4069766
243.2978142
243.2329047
243.1171813
243.0271568
242.9355554
242.859354
242.7561685
242.6394911
242.5491552
242.4481503
242.3587878
242.2330184
242.1382825
242.0460191
241.9457151
241.8500642
241.7195833
241.6261128
241.5100584
241.4423065
241.3284715
241.2240401
241.1177007
240.9960003
240.9279563
240.7808489
240.6974245
240.5428021
240.4838306
240.3473923
240.2611448
240.1319294
240.020898
239.9267461
239.7888086
239.6799772
239.5494963
239.4569799
239.3531519
239.2433665
239.1364041
239.0197462
238.9068457
238.7964373
238.6803829
238.4972385
238.4382671
238.3360162
238.1867283
238.0888578
237.9534902
237.8370075
237.6786276
237.5857997
237.4352463
237.3116574
237.2247869
237.073922
236.98491
236.8427672
236.7609003
236.5934478
236.503404
236.3723
236.2271006
236.1170037
235.9482663
235.8247164
235.66254
235.5994996
235.4110207
235.2990158
235.1472164
235.0543301
234.94838
234.7489206
234.6491617
234.5086543
234.4258529
234.2480235
234.0410102
233.9600778
233.8390198
233.7143991
233.530398
233.4303471
233.266146
233.1383518
232.9802834
232.825661
232.7133641
232.5361577
232.4146326
232.2526314
232.1415611
231.9778661
231.8643427
231.6968513
231.5494324
231.3904295
231.2339186
231.0839883
230.9268544
230.781324
230.5909371
230.4485607
230.2958268
230.1380504
229.9747449
229.8005757
229.6616258
229.5219166
229.336397
229.1695286
229.0039257
228.8151158
228.6658279
228.5077401
228.3402487
228.1646193
228.0040394
227.8067411
227.602726
227.4507708
227.2977254
227.1311685
226.9382702
226.7612974
226.6064414
226.4323695
226.2207615
226.0516153
225.8606054
225.713829
225.5248439
225.3136058
225.1317074
224.9450781
224.8008132
224.5511628
224.371445
224.1841731
223.9984978
223.8093959
223.5932905
223.4193355
223.2379238
223.0582254
222.8358511
222.6396819
222.4580561
222.239926
222.0667886
221.8444143
221.6590699
221.449253
221.2273265
220.9997929
220.7962255
220.5782706
220.3593228
220.1554635
219.9127051
219.7045626
219.4830254
219.2735006
219.0799987
218.8016511
218.6389881
218.3906032
218.2301401
217.954012
217.7178342
217.4788528
217.2232255
217.0427484
216.7523495
216.521292
216.2440347
216.0420833
215.8384965
215.5411667
215.3341534
215.0568961
214.8480137
214.5350114
214.2916106
214.0501372
213.7975471
213.5677356
213.2443758
213.0295749
212.7519477
212.4994743
212.1939871
211.9258217
211.6893519
211.4111406
211.1504903
210.8202385
210.6022447
210.2870424
210.0082081
209.7601153
209.4695023
209.1623212
208.8333154
208.5748457
208.2444965
207.9549738
207.6602918
207.3479125
207.0621862
206.6955274
206.3875287
206.0475424
205.7593046
205.4271643
205.0278951
204.7283653
204.436993
204.0662653
203.704649
203.3806857
203.0642179
202.7207662
202.358196
202.0260362
201.6650235
201.3441752
200.9518175
200.5691747
200.2310575
199.8509263
199.5219399
199.1245398
198.7340705
198.3332243
197.9737886
197.5641619
197.1385512
196.7791154
196.3384552
195.936071
195.4859878
195.1008336
194.7006104
194.2376777
193.816467
193.3704723
192.9671146
192.5151624
192.0443838
191.6018156
191.1392528
190.6762812
190.2180406
189.7253788
189.2366887
188.7688693
188.3305648
187.8450482
187.3077636
186.8396132
186.3533762
185.8151571
185.248708
184.7441507
184.1867353
183.6598081
183.131012
182.5325754
181.9742839
181.4583567
180.8141292
180.2329616
179.6652665
179.0847024
178.5016658
177.8104012
177.2072532
176.6003476
175.8197012
175.1558879
174.4628906
173.7954561
173.0515086
172.3037841
171.5033767
170.5091364
169.4618821
168.1088291
166.2599019
163.788163
161.5103933
159.4250741
157.1078798
155.0937002
152.7078972
150.1535711
147.5988555
144.6277381
142.1230578
139.819297
138.1811407
136.6831997
134.5021712
132.698412
131.1455101
129.5331502
128.070594
126.3919812
124.9658807
123.4742087
122.0894505
120.9098268
119.8387329
118.6936763
117.4999572
116.3218813
115.1203454
114.0216736
112.9437558
111.8942236
110.8156536
109.7269499
108.5184733
107.499157
106.5055397
105.4516952
104.3425978
103.2443447
102.1058005
101.0456773
99.94291704
98.8486258
97.7793911
96.75291022
95.60556609
94.43221145
93.48146478
92.44671933
91.50155051
90.43173174
89.42429149
88.45356967
87.54086532
86.59935667
85.60067744
84.53712768
83.61018179
82.65623248
81.6858319
80.68874913
79.70802027
78.77872838
77.83592504
76.86674127
75.93330249
75.05279979
74.14585825
73.19207442
72.31546551
71.3271827
70.31946015
69.35905688
68.46644449
67.58917363
66.75551322
65.91778379
64.99347596
64.17632521
63.34048428
62.53108218
61.70246422
60.85153485
59.96614544
59.20725553
58.44809306
57.63829184
56.77104749
55.91669159
54.89887438
