0.015666102
0.062886628
0.084311445
0.106574635
0.165425299
0.175415685
0.178522585
0.196431286
0.223675515
0.23055446
0.236972831
0.261508333
0.276562396
0.282227585
0.29409139
0.300807159
0.309054936
0.31149881
0.319411149
0.325831369
0.339232983
0.341746018
0.346488516
0.353847296
0.362177185
0.367352302
0.37476394
0.387770972
0.392007387
0.39829246
0.425906019
0.432804103
0.43584959
0.440448292
0.444241296
0.452448278
0.453946837
0.459245056
0.467787815
0.468622042
0.474259431
0.48562326
0.490029469
0.494492409
0.496012892
0.498599436
0.500003096
0.504622811
0.524365708
0.528479287
0.532053284
0.534902762
0.5373359
0.542893668
0.546144192
0.556833541
0.561160009
0.571407155
0.572423397
0.576180725
0.588783792
0.591744632
0.612061638
0.618899149
0.623511711
0.625622815
0.628154007
0.641770147
0.650316103
0.656390859
0.658218928
0.659812285
0.663041426
0.665439024
0.67425566
0.675749632
0.676545826
0.680943452
0.697034274
0.706303881
0.707135427
0.718788357
0.724630692
0.726891286
0.742516313
0.746848641
0.781395721
0.782297338
0.783963402
0.784961387
0.786446255
0.793006118
0.7939548
0.794592343
0.795447692
0.802123558
0.805305204
0.812828008
0.817681965
0.822294528
0.827425675
0.833247997
0.835167327
0.846133458
0.850398649
0.864124867
0.883018249
0.884481023
0.890897454
0.892774649
0.901122479
0.904883943
0.909313975
0.910500206
0.928862798
0.938934305
0.944709596
0.95267714
0.953632609
0.956758194
0.963664621
0.966442616
0.970363524
0.973233105
0.976208659
0.978110824
0.992009742
0.999086106
1.002888718
1.008830241
1.019281244
1.025167511
1.029177151
1.033935623
1.038758511
1.050921646
1.054262471
1.056835455
1.059131153
1.062449557
1.065548562
1.070877417
1.073664668
1.075907675
1.077270615
1.078307005
1.081372916
1.091595181
1.097142641
1.099225318
1.119896382
1.123244626
1.127196254
1.139458593
1.143501947
1.145736784
1.153157062
1.161547037
1.162476018
1.180059695
1.182779365
1.184217924
1.186162629
1.190878695
1.192071324
1.204016139
1.208363284
1.219658493
1.224205191
1.232048948
1.233542178
1.235967273
1.239048306
1.240899701
1.246284582
1.249427694
1.255853179
1.260684429
1.268273699
1.270136801
1.278383686
1.2816791
1.284354806
1.285414498
1.286197737
1.2876882
1.288633341
1.292117151
1.294089556
1.294748784
1.298580743
1.301367135
1.302116549
1.306752782
1.312531649
1.317619531
1.327538584
1.332330366
1.334266884
1.335631542
1.338643907
1.339568779
1.343178032
1.346491405
1.347207583
1.34824906
1.349946336
1.35093278
1.353012037
1.355990096
1.357724437
1.361729276
1.362467909
1.370784485
1.374295163
1.379357356
1.379842188
1.383502626
1.386115847
1.389851748
1.401798301
1.406749633
1.408372164
1.409281827
1.410283378
1.414187385
1.415715225
1.417526672
1.420824468
1.421835948
1.422859993
1.425497252
1.425819328
1.431485429
1.444978104
1.447321726
1.453391912
1.454683896
1.458060831
1.461857301
1.482688328
1.4877279
1.491036489
1.495070906
1.497161086
1.499354354
1.507562546
1.514581756
1.520149551
1.525611451
1.527151073
1.532179641
1.534016918
1.539416206
1.541491207
1.543403669
1.547885697
1.55007888
1.552220716
1.559695289
1.563724654
1.564812823
1.567668951
1.569725175
1.579158539
1.581840616
1.582831905
1.586222541
1.591988773
1.594507057
1.595886493
1.597510878
1.598783374
1.60248647
1.609989945
1.619791115
1.621256757
1.623368226
1.625084219
1.630961314
1.632817451
1.635695352
1.63909615
1.64103037
1.642555692
1.647367592
1.648093295
1.659040265
1.662756666
1.665009388
1.666951896
1.668384258
1.670131757
1.673832192
1.674115632
1.676016743
1.677696508
1.683469227
1.688523043
1.690974219
1.694096348
1.696102053
1.698619719
1.700648089
1.705757653
1.707250705
1.709456332
1.710206593
1.713460705
1.714255695
1.720454316
1.721575037
1.726534148
1.727522523
1.729506042
1.731359143
1.737046912
1.739783602
1.740777549
1.743187045
1.745485659
1.746774683
1.74746955
1.750350537
1.752314231
1.756017267
1.758640422
1.759519013
1.760980307
1.763240477
1.766173228
1.767287981
1.768940713
1.770342549
1.771669902
1.773999809
1.776286523
1.783606322
1.786182735
1.789237318
1.789677252
1.79018733
1.790760306
1.790913923
1.791109371
1.792988079
1.793356421
1.793671059
1.793907723
1.794555076
1.799383724
1.799912473
1.803725315
1.810509186
1.812503303
1.817215124
1.818834733
1.820534775
1.822172199
1.823421017
1.823833665
1.827546127
1.832965525
1.834266371
1.835216208
1.837007544
1.838091486
1.840206087
1.840564649
1.842939451
1.844736448
1.84585075
1.849683956
1.859168943
1.862748058
1.864422697
1.867388506
1.871111648
1.872569311
1.874120652
1.875927038
1.879941716
1.882859593
1.88422522
1.887227398
1.887774168
1.889220854
1.89222765
1.894072642
1.894857507
1.897437216
1.900772842
1.901599776
1.906669495
1.908025582
1.909604783
1.910984153
1.912664689
1.91512058
1.916344759
1.91727068
1.918089239
1.921864059
1.928440882
1.930520771
1.931275512
1.932024948
1.933387465
1.933645553
1.933997319
1.934409183
1.935190859
1.938157594
1.938470916
1.941776063
1.942727363
1.945245483
1.951624948
1.953145325
1.955604105
1.956770204
1.958281127
1.961077216
1.963723491
1.965921584
1.966670285
1.967647698
1.969178335
1.969682346
1.970224506
1.970406383
1.970757306
1.971378292
1.97316988
1.973799484
1.97446906
1.974810165
1.976086764
1.977036535
1.977325681
1.977458547
1.981860755
1.984133571
1.985502027
1.993386407
1.994894243
1.995623753
1.998929516
1.999236282
1.999614594
2.001560794
2.00316959
2.010069781
2.011466469
2.011996185
2.014274741
2.015347467
2.016332101
2.017478657
2.018608532
2.0191833
2.021960255
2.022496699
2.024105871
2.024770812
2.025336561
2.026915955
2.027462951
2.027854956
2.0293554
2.031006311
2.03139275
2.034718076
2.035890046
2.036639594
2.036718746
2.037850747
2.040764998
2.041181807
2.041919631
2.043465811
2.043849902
2.044892807
2.045354186
2.047704894
2.047703726
2.04872504
2.049993889
2.050329002
2.050799247
2.052398733
2.054844906
2.055549957
2.060205871
2.061055835
2.060941303
2.061641616
2.062038855
2.062552149
2.067961673
2.068772824
2.070648722
2.071594141
2.072718457
2.074591582
2.075915338
2.076770167
2.078747247
2.079287613
2.080978379
2.08157573
2.084388095
2.086464659
2.08707415
2.087777085
2.088277177
2.08833778
2.088714458
2.089138264
2.089609672
2.089942392
2.090068509
2.090309247
2.091286238
2.091427547
2.092172787
2.092467686
2.0929222
2.093448501
2.094520659
2.094605453
2.095826438
2.096172557
2.100726866
2.101286911
2.103073879
2.104090709
2.106785449
2.106913186
2.107432627
2.108001813
2.108710276
2.108715997
2.109218297
2.109612512
2.111586443
2.112102559
2.111934661
2.112168695
2.114071085
2.115241995
2.118035745
2.119019265
2.119203361
2.119326587
2.119907447
2.12036421
2.120634352
2.121366364
2.121175382
2.123810732
2.124390813
2.126002159
2.126210601
2.126501478
2.129389202
2.1291292
2.129482807
2.131010663
2.130951005
2.132670234
2.135500861
2.136064608
2.138524132
2.140522306
2.141616656
2.142097945
2.143145373
2.14427523
2.146252256
2.148464416
2.148583424
2.149232816
2.149849503
2.149973814
2.150390116
2.150568331
2.151054344
2.151878695
2.154260552
2.156251096
2.15730086
2.157472495
2.158374039
2.158588977
2.160003143
2.160473753
2.160532124
2.161895994
2.162399081
2.163043449
2.164053236
2.165412789
2.1674132
2.167668533
2.168370632
2.170400205
2.172645294
2.173115367
2.176408765
2.176550915
2.177147297
2.177835259
2.178048232
2.178167328
2.178404259
2.180052586
2.179728521
2.18027281
2.181217685
2.181937135
2.182800819
2.182756907
2.182935135
2.183834539
2.183731405
2.184012783
2.184262995
2.184544384
2.184959752
2.184749224
2.184697554
2.185622827
2.187901882
2.188004894
2.188596019
2.188544124
2.188579216
2.189682294
2.191146556
2.191213267
2.191824516
2.192322353
2.192553079
2.195340129
2.195922812
2.196169989
2.197837398
2.197939869
2.19973413
2.200007975
2.200674905
2.201124198
2.203061465
2.203589495
2.203448488
2.206670338
2.207363702
2.208507615
2.20894713
2.208459375
2.209335919
2.210003736
2.210632583
2.210922978
2.211333942
2.21183752
2.213209096
2.213368263
2.214225785
2.215479603
2.215504433
2.215787755
2.215846685
2.216063396
2.216458485
2.216858702
2.2206811
2.22110237
2.220995916
2.222067047
2.222032698
2.222567818
2.222572876
2.223012101
2.223813806
2.226074684
2.227058435
2.227756914
2.228329172
2.229062811
2.229349731
2.229132388
2.229323533
2.230009008
2.230198628
2.230489798
2.230962975
2.231314972
2.231988881
2.232452904
2.232356552
2.23301947
2.233138267
2.234077554
2.234854234
2.235410902
2.235990845
2.236498481
2.237006026
2.237397569
2.237740742
2.238023415
2.238031101
2.238379427
2.23888625
2.240008712
2.241676514
2.241881697
2.242009297
2.243306339
2.24370816
2.245047426
2.276293739
2.295464779
2.312167591
2.323520704
2.332541013
2.341349098
2.350030812
2.356844003
2.366603967
2.372660769
2.382005652
2.390587116
2.399354576
2.411356849
2.419327225
2.428564107
2.438332725
2.44861283
2.455752436
2.465565861
2.474271209
2.486194844
2.497576831
2.507005473
2.517157622
2.527216529
2.536117076
2.546712707
2.555921556
2.565548314
2.575974611
2.58448646
2.595016824
2.605199604
2.614253378
2.624836211
2.632961368
2.642820564
2.653523679
2.662766355
2.671224027
2.68186266
2.69223457
2.702077267
2.711708815
2.721541479
2.730638679
2.739871067
2.750104285
2.760621176
2.76912816
2.779515857
2.788265461
2.797478897
2.808840777
2.818352457
2.828440918
2.838363745
2.847381027
2.857820371
2.867591272
2.87659777
2.886235341
2.896290914
2.90569412
2.914362007
2.925288064
2.934319394
2.943780178
2.951066759
2.963003543
2.970492515
2.98226353
2.990176232
2.999707256
3.009104164
3.020299585
3.029396056
3.036124244
3.046018321
3.056793299
3.066834521
3.075775356
3.085183179
3.093868756
3.096361926
3.1198447
3.143604381
3.167286867
3.190198889
3.213870547
3.236521385
3.262288526
3.285498745
3.309893192
3.332998783
3.357338338
3.380730431
3.404101221
3.42757013
3.451619437
3.475425693
3.498621584
3.523415278
3.545883588
3.569304312
3.592262105
3.615460757
3.639017124
3.663505679
3.686913512
3.711387189
3.734526888
3.757962553
3.7808494
3.805819739
3.829615136
3.85327035
3.87812491
3.901956294
3.924158488
3.949128717
3.972772369
3.997273915
4.017951294
4.04114452
4.064443029
4.087599821
4.110846343
4.133270685
4.155986433
4.179107815
4.20256002
4.226510551
4.249857905
4.273015294
4.297346995
4.321659086
4.344418537
4.364723087
4.38918362
4.41116092
4.435208494
4.45662106
4.479885522
4.503150189
4.526013743
4.547945109
4.568887157
4.590964206
4.612985375
4.635833829
4.656913699
4.681803897
4.703228418
4.725962459
4.750228072
4.772123932
4.794747008
4.817286103
4.839448397
4.861180978
4.884471948
4.905977502
4.929179063
4.951071571
4.97329235
4.994478327
5.017952689
5.039894452
5.060606146
5.082394732
5.103667834
5.12683444
5.148095799
5.170777132
5.192440589
5.216071173
5.238749748
5.260613084
5.281111568
5.303898008
5.325647537
5.349212791
5.373156719
5.39466619
5.416165392
5.437522402
5.457990286
5.480306153
5.500130842
5.521697651
5.543730157
5.568622651
5.591543148
5.612057055
5.634909077
5.656992722
5.680080803
5.702474015
5.724333286
5.74506446
5.767541092
5.790439223
5.812689792
5.836844798
5.857140287
5.878613188
5.901069221
5.921512358
5.94237585
5.963916045
5.985892433
6.008061055
6.028591658
6.052474151
6.074592206
6.096621314
6.118222814
6.140993092
6.162661715
6.182452518
6.205278669
6.225342829
6.249100608
6.270010001
6.292080309
6.312024192
6.333615668
6.355957304
6.375406885
6.396708321
6.418641678
6.441154395
6.463333208
6.483745342
6.505017462
6.526743359
6.549017603
6.57144748
6.590825179
6.610976468
6.632679392
6.655520526
6.676298766
6.6956504
6.718131383
6.739274701
6.760501589
6.780953244
6.800357719
6.821294518
6.842344707
6.863830686
6.886178912
6.907013486
6.928015958
6.948256077
6.971965213
6.993953345
7.013765822
7.034340209
7.056331146
7.077118644
7.097673428
7.117815137
7.140277199
7.159718463
7.181476741
7.202357847
7.22309947
7.244391574
7.264108601
7.287011219
7.30674709
7.32608444
7.34673827
7.369625827
7.389252939
7.411329253
7.431177905
7.452290678
7.473288798
7.494862527
7.514474962
7.535733581
7.556233209
7.575482449
7.59786979
7.616404446
7.63521344
7.657793333
7.67950953
7.697364399
7.718566746
7.738484614
7.759519322
7.78220667
7.800592508
7.819618938
7.84177491
7.86391295
7.884292295
7.905051349
7.92295054
7.944986332
7.965739778
7.985733182
8.004018569
8.024766112
8.044969626
8.065293412
8.085520392
8.105347328
8.125047005
8.144418631
8.168262807
8.186693455
8.206074988
8.227901668
8.247103471
8.268870962
8.288355123
8.307788719
8.328372293
8.347791914
8.369524069
8.389209605
8.407828646
8.428634808
8.448347126
8.470331266
8.488544127
8.509171258
8.53053749
8.549887189
8.571172086
8.59131754
8.612104823
8.632684369
8.652293441
8.672846842
8.693245183
8.712897654
8.733210311
8.753238268
8.771863408
8.793802327
8.813542124
8.834754817
8.853393679
8.873174602
8.893179126
8.912503523
8.931336538
8.950240696
8.969905424
8.991290862
9.011326378
9.031342612
9.051393544
9.071142529
9.092123902
9.11090856
9.129225678
9.147895034
9.16761096
9.189526503
9.210410529
9.227124991
9.248471427
9.267454745
9.288468221
9.307472087
9.325205981
9.345864883
9.365099729
9.387567544
9.407023122
9.425413667
9.446294074
9.467250989
9.486952619
9.507656615
9.526952831
9.545173104
9.565590322
9.584196554
9.605965616
9.62466614
9.644933463
9.66362589
9.681249254
9.700495557
9.72009018
9.74074413
9.76078555
9.778685295
9.800765281
9.818971644
9.841278484
9.86216804
9.879680476
9.899421135
9.91742304
9.93747847
9.958447827
9.978649517
9.999141946
10.01900636
10.03951476
10.05818928
10.07551989
10.09416433
10.11509679
10.13439526
10.15500664
10.1729527
10.19313311
10.21388275
10.23413052
10.25551565
10.27311093
10.29260556
10.31024821
10.33355227
10.35275183
10.37129918
10.39067987
10.40856106
10.43024957
10.44931801
10.46493116
10.48574994
10.50391112
10.52425841
10.54379834
10.56177038
10.5818528
10.60151888
10.62193014
10.64032409
10.65962967
10.67771139
10.69798259
10.7166661
10.73613148
10.75615663
10.77517151
10.79600956
10.8132754
10.83147093
10.84970723
10.86908573
10.88779293
10.90743798
10.92652938
10.94646653
10.96659379
10.98526517
11.0017646
11.02281309
11.0407739
11.06182281
11.07969845
11.09767489
11.1190242
11.1400561
11.16021233
11.17757503
11.1940827
11.21488658
11.23521956
11.25011551
11.2728887
11.29126736
11.31104238
11.33837467
11.35791738
11.37719063
11.39413961
11.41290632
11.43324193
11.45325261
11.47481662
11.49284835
11.51208393
11.53283092
11.55170444
11.56982945
11.58854083
11.60842972
11.62741552
11.64869724
11.66774206
11.68609189
11.703673
11.72095695
11.74212147
11.76225634
11.77918611
11.79808958
11.818269
11.83609313
11.85736975
11.87647455
11.89541607
11.91353905
11.93288564
11.95181716
11.97141823
11.99001707
12.008226
12.02728993
12.04634739
12.06463697
12.08462651
12.10299811
12.12241281
12.14025574
12.15694682
12.17910389
12.19809238
12.21630935
12.23750458
12.25302568
12.27421814
12.29167662
12.3108851
12.32997931
12.34723914
12.36848536
12.3871222
12.40690189
12.42377407
12.44232292
12.46208496
12.48096326
12.49807658
12.51637818
12.53522458
12.55543979
12.5750664
12.59351045
12.61214172
12.63153375
12.64965719
12.66858585
12.68828388
12.70556136
12.7224876
12.74383526
12.76443089
12.78323501
12.79920794
12.8158539
12.8376798
12.85566091
12.87175571
12.89237877
12.91040864
12.92663851
12.94311419
12.96827259
12.98819073
13.00638767
13.02568255
13.04530396
13.06491215
13.08360852
13.0984909
13.11563857
13.13583836
13.1522571
13.17359954
13.19106175
13.20885863
13.22615489
13.24439632
13.2650554
13.28384431
13.30128614
13.32176586
13.34068049
13.36104331
13.3808826
13.39805335
13.4166855
13.43475205
13.45547046
13.47334623
13.49266358
13.51125789
13.53025064
13.55003439
13.5687245
13.58265547
13.60112961
13.619255
13.64058742
13.65981599
13.67561896
13.69784237
13.71483696
13.73540222
13.75331158
13.76929264
13.78675125
13.80532236
13.82542919
13.84500933
13.86292442
13.88043215
13.89923391
13.91825029
13.93526028
13.95363678
13.97109006
13.99204218
14.00846417
14.02814157
14.04776761
14.06635675
14.0862899
14.10216405
14.1225671
14.14017595
14.16007957
14.180874
14.20037681
14.21773638
14.23654686
14.25442088
14.27423531
14.28861398
14.30836374
14.32368737
14.34458975
14.36126819
14.38067998
14.39904646
14.41903185
14.43742438
14.45631053
14.47293144
14.49132984
14.51131809
14.52917647
14.5494215
14.56574174
14.5835529
14.60308872
14.62140517
14.63879875
14.65485872
14.67532281
14.69410932
14.71345696
14.73075289
14.74613477
14.76759426
14.78583793
14.80533028
14.82335584
14.84016417
14.86129531
14.87881452
14.89979039
14.91710733
14.93414609
14.95307692
14.97195931
14.99100281
15.00873878
15.02486159
15.04246095
15.06213488
15.07922172
15.09778075
15.11555424
15.13385112
15.15568217
15.17129743
15.18987453
15.20779747
15.22566035
15.244105
15.26163988
15.28079785
15.3002992
15.31793169
15.33584079
15.35281903
15.37126577
15.39274942
15.40821039
15.42761281
15.44300769
15.46347248
15.48195428
15.49798131
15.51590658
15.53499634
15.55529508
15.57489731
15.59121381
15.61088622
15.62864887
15.6501652
15.66930618
15.6851198
15.70340886
15.72034139
15.74022267
15.75754599
15.77441029
15.79361682
15.81114679
15.83039103
15.84961457
15.86303239
15.88211074
15.89932038
15.9198581
15.93779551
15.95422842
15.97423121
15.9936645
16.01258245
16.02968952
16.0456724
16.062567
16.08202422
16.10105618
16.11919969
16.13700067
16.15427227
16.17194714
16.19126078
16.2090101
16.22723606
16.2451836
16.26413177
16.28143486
16.2989731
16.31578929
16.3363582
16.35547192
16.37445655
16.39310804
16.41076494
16.42867444
16.44518972
16.45922952
16.4796414
16.49861655
16.51517132
16.5351686
16.55273904
16.57233623
16.58782624
16.60494836
16.62155597
16.64032018
16.66047292
16.67909431
16.69690798
16.71593333
16.73464151
16.75226149
16.77006537
16.78693191
16.80439012
16.82455881
16.84592603
16.86364507
16.8786817
16.89740549
16.91527463
16.93603156
16.95150084
16.96694285
16.98941905
17.004042
17.02508014
17.04257641
17.05988792
17.08096062
17.09839415
17.11602504
17.1342633
17.14943329
17.16739423
17.18567168
17.20326881
17.22247398
17.23999578
17.2594574
17.27932575
17.29364041
17.31180069
17.32875927
17.34722581
17.36342678
17.38030901
17.40016231
17.42091742
17.43755704
17.4543157
17.47183131
17.49025343
17.50784749
17.52442477
17.54482454
17.56238252
17.58330393
17.6011884
17.61783798
17.63496454
17.65286903
17.67017423
17.68594199
17.7034551
17.72236729
17.74316984
17.76327751
17.77897542
17.79469708
17.81501152
17.83343003
17.85161055
17.86547341
17.88300148
17.90240031
17.92248334
17.93891273
17.95794251
17.97336379
17.99410275
18.0117834
18.02771583
18.04525622
18.06076553
18.08124269
18.09842065
18.116893
18.13322761
18.15143577
18.17000332
18.18774066
18.20287045
18.22403816
18.24208569
18.2586634
18.27576414
18.29572743
18.31256034
18.32995866
18.34627999
18.36517232
18.38222897
18.39916339
18.4178625
18.43496762
18.45151115
18.47441619
18.49088632
18.50970096
18.52794067
18.54586833
18.56337484
18.57893857
18.59684564
18.61537133
18.63292182
18.65132643
18.668109
18.68542159
18.70254887
18.72171867
18.73872239
18.75554616
18.7740603
18.79245864
18.81071552
18.82748231
18.84249931
18.86139092
18.87874782
18.89482655
18.91268896
18.93141692
18.95085463
18.96692275
18.98178359
19.00335641
19.02129671
19.03880582
19.05653847
19.07067706
19.09634758
19.11039826
19.12681332
19.14507288
19.16221387
19.18378524
19.20083871
19.21718389
19.23364821
19.25049059
19.26930663
19.28863771
19.30609631
19.32624807
19.34272366
19.36280691
19.38107068
19.3963946
19.41335625
19.43113459
19.44772448
19.46462127
19.4839724
19.50241926
19.52068511
19.53652597
19.5533285
19.57060889
19.58972209
19.60611243
19.62253926
19.64276054
19.66127071
19.67776798
19.6952454
19.71134154
19.7304754
19.74678303
19.76102175
19.77951709
19.79941342
19.81708951
19.83298644
19.85001052
19.87037971
19.88863508
19.90228958
19.92067314
19.93766805
19.95720754
19.97462646
19.98911844
20.00808737
20.0273202
20.04683598
20.06731668
20.07989704
20.09675583
20.1155742
20.13536798
20.15297888
20.16932851
20.18801518
20.20625813
20.22430815
20.24030679
20.25588165
20.27354232
20.2911526
20.31190122
20.32610387
20.34312513
20.36199135
20.38088489
20.39585825
20.41652596
20.43303968
20.45046844
20.46870153
20.48636151
20.50374401
20.52068965
20.5382094
20.5557694
20.57451818
20.59071618
20.60836987
20.62369058
20.64254243
20.66020113
20.67437888
20.69479622
20.7114656
20.73314737
20.75283882
20.76680335
20.78691192
20.8014827
20.81768653
20.83586568
20.85172295
20.87174097
20.89076115
20.90814147
20.92372538
20.94261568
20.95958832
20.9745735
20.99019731
21.00968345
21.02723647
21.04470352
21.06127032
21.07999568
21.10078564
21.11893627
21.13102271
21.14943848
21.1673502
21.18961611
21.20532145
21.21701208
21.23824374
21.25498748
21.27276902
21.28888429
21.30367008
21.32165922
21.34218619
21.35989797
21.37616127
21.39167481
21.41104216
21.43103194
21.4495786
21.4695929
21.48533597
21.50188504
21.51981208
21.538352
21.5538277
21.57017298
21.59029011
21.60873162
21.62539346
21.64155552
21.65939618
21.67536053
21.69236601
21.70632134
21.72495811
21.74598066
21.76003781
21.7813113
21.80054557
21.81741934
21.8322055
21.84995947
21.86854483
21.88845541
21.90166728
21.91974227
21.93816871
21.95786916
21.97325004
21.98876756
22.00783622
22.02467833
22.03946113
22.0555509
22.07363344
22.09123287
22.10848635
22.12152814
22.14382127
22.16253997
22.1790294
22.194683
22.20891953
22.23054682
22.24852308
22.26160247
22.28093201
22.30115223
22.31803699
22.33568393
22.3483908
22.36575443
22.38283197
22.3962676
22.41572739
22.43524482
22.45109698
22.46904736
22.48436659
22.5029429
22.52056935
22.53722109
22.55667306
22.57111007
22.59070212
22.60688858
22.62388217
22.64391374
22.66147681
22.67667415
22.69305387
22.71123738
22.72847286
22.74422632
22.75905284
22.7768421
22.79580899
22.8107173
22.83161802
22.85112204
22.86830341
22.88218008
22.89986084
22.91783911
22.9381206
22.9520857
22.96753415
22.98677755
23.00908033
23.02505864
23.03979372
23.0582459
23.07706728
23.08889861
23.10448741
23.12185602
23.14489795
23.15893926
23.17286565
23.19545928
23.21304541
23.23046692
23.24577569
23.25911156
23.28218198
23.29980305
23.31426632
23.33181474
23.35127157
23.37117756
23.38929401
23.40164624
23.41824701
23.43783708
23.45235116
23.46830584
23.48506459
23.50344839
23.52334164
23.5398965
23.55806235
23.57404457
23.5877481
23.60688447
23.62296145
23.64239903
23.66095902
23.67758415
23.69698382
23.71391492
23.73020196
23.7447049
23.76302516
23.77944274
23.79655391
23.81076209
23.8296318
23.84816379
23.8627788
23.88015136
23.89885336
23.91612328
23.93205411
23.94728678
23.96749715
23.98692921
24.00053624
24.0169366
24.03468851
24.05387644
24.07249408
24.08648037
24.10506212
24.12193631
24.13613323
24.15339274
24.16902369
24.1870947
24.20679316
24.21993906
24.24001091
24.25925271
24.27137068
24.29022054
24.30545218
24.32674394
24.34359495
24.3566139
24.37700004
24.39670992
24.41559272
24.43405698
24.447311
24.4654365
24.48146382
24.49910889
24.51632879
24.53232935
24.55137722
24.56977503
24.58499682
24.60403823
24.62008306
24.63708989
24.65608248
24.67223646
24.68944648
24.70576342
24.72360651
24.74264905
24.76155819
24.77773737
24.79444871
24.81153937
24.82913195
24.84607752
24.86182079
24.88061801
24.89936288
24.91494739
24.93107442
24.9497251
24.96859571
24.983253
24.99663986
25.01768127
25.03792334
25.05387522
25.07035436
25.08673394
25.10856311
25.12322527
25.14074318
25.15636895
25.17243068
25.19219373
25.20694219
25.22182638
25.24185175
25.26363366
25.27561785
25.29344128
25.30991522
25.32890495
25.34234822
25.35591098
25.37783051
25.39605502
25.41068409
25.42725541
25.4472407
25.4669689
25.48239633
25.49612098
25.51667204
25.53427473
25.54394262
25.56419151
25.58252803
25.59828896
25.61814594
25.63521482
25.65306308
25.6703002
25.68431652
25.69990897
25.7194557
25.7354276
25.74493016
25.76809008
25.78633431
25.8048329
25.82167997
25.83894054
25.85590801
25.87110431
25.88540683
25.90257505
25.92323159
25.94396598
25.95442097
25.97604089
25.99462155
26.00444958
26.02592836
26.04082374
26.05771528
26.07347781
26.09129285
26.11087921
26.12678455
26.13975942
26.15944097
26.17776479
26.19558867
26.20795579
26.22444119
26.24490607
26.26170707
26.27304011
26.2941312
26.31407048
26.32820186
26.34607419
26.36327806
26.38127616
26.39977372
26.40459493
26.42855394
26.44691375
26.46374887
26.47887926
26.4990512
26.51705775
26.53471688
26.54742205
26.56475079
26.58308062
26.59588914
26.61620405
26.63297654
26.65135721
26.67107823
26.68634565
26.70320532
26.72023199
26.73543912
26.75155343
26.76955684
26.78537543
26.802086
26.82010668
26.83683495
26.85437748
26.87174652
26.8895839
26.91002756
26.91887836
26.93841091
26.95507134
26.97021959
26.98901357
27.00619974
27.02347742
27.04327541
27.05650908
27.07325784
27.09015539
27.10501584
27.12003655
27.14013072
27.15676703
27.17198858
27.18577637
27.21011265
27.22623982
27.23932529
27.25851497
27.27449958
27.29304759
27.30966451
27.32361591
27.34451677
27.36593695
27.37636237
27.39840859
27.41446474
27.43283994
27.45008402
27.46058515
27.48184929
27.50038682
27.51431664
27.533758
27.55138628
27.57017711
27.5892152
27.60306132
27.61918937
27.63722552
27.65237763
27.66883958
27.68620265
27.70419801
27.72537402
27.74068087
27.75976976
27.77602776
27.78854888
27.80652025
27.82396942
27.83914082
27.85480549
27.87298596
27.89093796
27.91222535
27.9257858
27.94289729
27.961501
27.97131014
27.98996965
28.00533164
28.02470691
28.04352135
28.057224
28.07628317
28.09693835
28.10866823
28.12796499
28.14369872
28.16013608
28.17777645
28.19406129
28.21047289
28.22475915
28.23852549
28.26136194
28.27835754
28.28924578
28.31040463
28.32823233
28.33974425
28.36021521
28.37548942
28.39323648
28.40703851
28.42184696
28.44524065
28.46415663
28.47391254
28.49254636
28.51009665
28.52547144
28.54036198
28.55599903
28.57827608
28.59353731
28.60818131
28.62900465
28.64441467
28.66064234
28.67564783
28.69257356
28.70906994
28.72644734
28.74314713
28.76093096
28.78011147
28.79261687
28.81196317
28.82758416
28.8430696
28.86026252
28.87729864
28.89680992
28.90998812
28.9289182
28.94529225
28.96226553
28.97942746
28.99611584
29.01307984
29.02493349
29.04490939
29.06244698
29.07758156
29.09578772
29.11249834
29.130692
29.14964998
29.16185055
29.18107725
29.19603925
29.20920325
29.229214
29.24780893
29.26531386
29.28103418
29.29618447
29.32072853
29.33623971
29.34820911
29.36749555
29.38442984
29.39807452
29.4138447
29.43113122
29.45118191
29.47045692
29.48109111
29.50273386
29.5222766
29.53294919
29.54941707
29.56909292
29.58692479
29.60205434
29.61290521
29.63555744
29.65064815
29.66519148
29.6854551
29.70603536
29.71718848
29.73445956
29.74800404
29.76464485
29.78662221
29.8009896
29.82052617
29.83677806
29.85281973
29.87051156
29.88679807
29.90152416
29.91877938
29.93344546
29.95009351
29.96563634
29.98201098
30.0014174
30.01868787
30.03375792
30.05250941
30.06784665
30.08022021
30.0983312
30.11587747
30.13060266
30.15057413
30.16683546
30.18014729
30.19829888
30.21666588
30.23570004
30.25281744
30.26273454
30.28314979
30.30345752
30.31040599
30.33142128
30.34884673
30.36799417
30.37954912
30.40135565
30.41509
30.42826966
30.44486645
30.46549972
30.47982144
30.49150702
30.51233224
30.53265855
30.54373613
30.56465536
30.58221456
30.59809647
30.61187063
30.62556147
30.6467238
30.66256284
30.6759675
30.69791031
30.71472763
30.73228047
30.74885895
30.76461223
30.77980016
30.79563348
30.81073033
30.82463755
30.84537007
30.86115974
30.87610927
30.89361138
30.91135752
30.92962532
30.94648022
30.95971216
30.97678169
30.9914442
31.00921926
31.02329652
31.04065588
31.05777821
31.07536928
31.09380486
31.1115725
31.13035857
31.13975576
31.15720972
31.17600483
31.18912876
31.20914665
31.22589248
31.24432157
31.26113527
31.27694329
31.29577886
31.3119944
31.32289172
31.34298582
31.36127851
31.37596033
31.39048627
31.40932571
31.4269292
31.44367082
31.45960057
31.47601461
31.49039537
31.50256732
31.52497625
31.54255009
31.55465419
31.57389254
31.59235573
31.60736954
31.62593948
31.64064037
31.65955462
31.67857426
31.68518083
31.70861674
31.72498708
31.7374591
31.75896207
31.7767465
31.79091613
31.80873884
31.82630005
31.84490561
31.85839568
31.87260883
31.88996001
31.90755222
31.9223051
31.9403433
31.95628828
31.97211639
31.99090767
32.00634062
32.02135477
32.03774522
32.05417118
32.07018213
32.08596256
32.10388947
32.12178116
32.13980763
32.15427776
32.169644
32.18413113
32.19927478
32.21473844
32.23315482
32.24586579
32.26340675
32.28217926
32.29555746
32.31452992
32.33196453
32.34843269
32.36145522
32.37724152
32.39487734
32.4097321
32.42664599
32.4464777
32.45767224
32.47244639
32.49558088
32.51170256
32.52078061
32.53997877
32.5569337
32.5700112
32.5865989
32.60539269
32.61811136
32.63497698
32.65437547
32.67170344
32.68757142
32.70320998
32.72358361
32.7327338
32.74691255
32.7678713
32.78588722
32.79858242
32.81840966
32.83366201
32.84971034
32.86724877
32.88434193
32.89805202
32.91145456
32.93131839
32.9477493
32.96517183
32.98263064
33.00102491
33.01780296
33.03123121
33.04994608
33.06601162
33.07868418
33.09659606
33.11431876
33.13159311
33.14754711
33.16118316
33.17744823
33.19368249
33.21173361
33.22831823
33.24632408
33.26142915
33.27849685
33.29364233
33.30737195
33.32629309
33.34505957
33.35838432
33.37960577
33.39979666
33.40887241
33.42836565
33.44168577
33.45762895
33.47399817
33.4929158
33.50744968
33.52433668
33.54023801
33.56200921
33.57816818
33.58850909
33.60657162
33.62390409
33.63624192
33.65396289
33.67310362
33.69225244
33.70961814
33.72342797
33.74215077
33.75934377
33.77194308
33.79296137
33.80945705
33.81966521
33.84367271
33.8560068
33.86907362
33.88798585
33.90442268
33.92173943
33.93861165
33.953952
33.97000117
33.98566002
34.00024019
34.01617855
34.03126928
34.04985743
34.07036477
34.0873603
34.10359983
34.11911032
34.13590347
34.14749972
34.16725405
34.17970426
34.19782313
34.21223835
34.23000571
34.24824702
34.26311402
34.2796818
34.29303352
34.30991365
34.32667598
34.34245344
34.35453853
34.36920923
34.38858244
34.4089564
34.41876726
34.44063276
34.45901692
34.47084046
34.48971634
34.50384602
34.517832
34.53588008
34.55525284
34.57044191
34.58298574
34.60477498
34.62163197
34.63398893
34.65287232
34.66957668
34.68577825
34.70082633
34.71690705
34.7280619
34.74031649
34.76572937
34.78231855
34.79246349
34.81691596
34.83343731
34.84275571
34.86244755
34.87905197
34.89134451
34.9104788
34.92820308
34.94312657
34.95727109
34.97591068
34.99475625
35.00855828
35.02385262
35.04089739
35.05562324
35.06745373
35.08312246
35.10141288
35.11882307
35.13418257
35.1558037
35.17073871
35.18772712
35.20196029
35.2166591
35.23164178
35.2508776
35.26541978
35.28126921
35.29853275
35.3153125
35.33179167
35.3499445
35.363661
35.3777689
35.3930807
35.41094321
35.42432828
35.43758356
35.45459854
35.47215414
35.48739487
35.51067196
35.52707904
35.53684304
35.55792015
35.56990451
35.58188176
35.60210199
35.6230227
35.63318654
35.65158522
35.66700714
35.67983783
35.69855639
35.71604497
35.725531
35.74269402
35.76075776
35.77456432
35.79245973
35.80827938
35.82557621
35.83878258
35.85753857
35.87567389
35.89156741
35.90494044
35.92599449
35.94400014
35.95179379
35.97228325
35.99091696
36.00126622
36.02194604
36.03804507
36.05408689
36.07046416
36.08882726
36.10103049
36.11432637
36.13061935
36.14410791
36.16245674
36.1800545
36.19499145
36.21201339
36.23054134
36.25009261
36.26533555
36.27941986
36.2932025
36.30795391
36.32804728
36.34507742
36.36009819
36.37639221
36.3939379
36.41123493
36.4269566
36.44480895
36.45876221
36.47028296
36.49039005
36.5055464
36.51614392
36.53924888
36.55586849
36.56866628
36.59008036
36.60842404
36.62189829
36.63893647
36.65410365
36.67173918
36.68712062
36.70556587
36.72088875
36.73466381
36.74994394
36.77160318
36.78564512
36.797723
36.81665809
36.83350787
36.84323332
36.8640469
36.87972659
36.8888448
36.91065751
36.93188255
36.94229472
36.96240845
36.98123941
36.99596334
37.00816319
37.02686582
37.039444
37.05735362
37.07122346
37.08976743
37.10838873
37.12250285
37.14303705
37.15771609
37.17157987
37.18560367
37.20288902
37.2143568
37.23260917
37.24953898
37.2633833
37.28051831
37.30222067
37.31368661
37.33364774
37.34868857
37.36276332
37.37902095
37.39735127
37.41380723
37.42655347
37.44460235
37.45869674
37.47747236
37.4949486
37.50893783
37.52427787
37.54230787
37.55255409
37.57090452
37.58757887
37.59937229
37.61585633
37.6357207
37.64748332
37.66895414
37.68824879
37.70118172
37.71597496
37.72792592
37.74540186
37.75770563
37.7771529
37.79327146
37.81053678
37.82553807
37.84900804
37.8596582
37.87752906
37.89291852
37.90588317
37.92162217
37.9398436
37.95404018
37.96671384
37.98984467
38.00374962
38.01545887
38.0379045
38.0545291
38.06580079
38.08313857
38.10024172
38.11099979
38.1346096
38.14914276
38.16069114
38.17714566
38.19490353
38.21127652
38.22795743
38.24382765
38.25801613
38.27044654
38.28899903
38.30409318
38.31993302
38.33788859
38.35076249
38.3671161
38.38647559
38.40401013
38.42188371
38.43305152
38.44889025
38.46534887
38.48076235
38.49893511
38.51144351
38.52992063
38.54705155
38.56458791
38.57976256
38.59412829
38.61034722
38.62790205
38.64047483
38.65500185
38.66951114
38.68906689
38.70581321
38.72017197
38.73912076
38.75312836
38.76998529
38.7859411
38.80033565
38.81454676
38.83235088
38.8474724
38.86232832
38.88100918
38.89490018
38.90929365
38.93076789
38.94412893
38.95811191
38.97534177
38.98849567
39.00345947
39.02164164
39.03635405
39.04728137
39.0690952
39.08221517
39.09595959
39.11861881
39.13471136
39.14547182
39.16645951
39.18172186
39.19245736
39.21115198
39.2300234
39.23800133
39.26177854
39.27752003
39.29002633
39.31076178
39.32663285
39.3378068
39.35163125
39.37007787
39.38482517
39.40124224
39.42232742
39.43570572
39.45152179
39.47009597
39.4875304
39.50317327
39.51660207
39.53082364
39.54826475
39.56367101
39.58266817
39.59512624
39.61302159
39.62971353
39.64342101
39.66427277
39.67733929
39.69226147
39.71130366
39.72359739
39.73673791
39.75604
39.767803
39.78631619
39.80553088
39.81910764
39.83714495
39.85558942
39.87142639
39.88103164
39.89775463
39.91521054
39.92688323
39.94432982
39.96370768
39.9775848
39.99403679
40.01241435
40.02337054
40.04388217
40.05524147
40.06891028
40.08820783
40.0971952
40.11580425
40.13387875
40.14893716
40.16582947
40.18319335
40.19844725
40.21535372
40.22868239
40.24713227
40.25789719
40.27403273
40.29320312
40.30790762
40.31937874
40.33934563
40.3543099
40.37188423
40.3890612
40.40197731
40.41708842
40.42829629
40.44099147
40.46122015
40.4733416
40.48716532
40.50856308
40.52301199
40.53869254
40.5584052
40.57222703
40.59011208
40.60687375
40.61883916
40.63590688
40.65005162
40.66491952
40.67842089
40.69860276
40.7094767
40.72710608
40.7470564
40.76124459
40.77599487
40.79414444
40.79785228
40.81788666
40.8355279
40.84188677
40.86013503
40.890527
40.89579869
40.91688742
40.93615877
40.94733173
40.96227559
40.97839075
40.98968626
41.01203845
41.03078927
41.03313146
41.05699469
41.06951367
41.08266992
41.10660015
41.12159803
41.13152471
41.15316917
41.16491036
41.17117855
41.19645199
41.20727918
41.21938494
41.24012761
41.25682513
41.27023346
41.29238657
41.30756489
41.31858573
41.33921879
41.35510759
41.35895311
41.38196509
41.40030625
41.4085765
41.43227525
41.4465497
41.46141809
41.48024332
41.49248678
41.50473395
41.52215442
41.53920509
41.55279814
41.56576716
41.58777563
41.60120711
41.61890647
41.63548345
41.64595266
41.66676725
41.68455034
41.69836886
41.71340998
41.72896528
41.74307546
41.76363376
41.7770535
41.79396124
41.80969395
41.82590811
41.84163962
41.85679272
41.87382815
41.88940195
41.90396184
41.91784413
41.93094092
41.94553522
41.96533059
41.97969364
41.99419974
42.00956117
42.02802675
42.04027958
42.05319336
42.07036356
42.08501096
42.09957572
42.11998879
42.13270244
42.14734288
42.16604618
42.18002722
42.19817055
42.21667987
42.22794506
42.24284984
42.26357002
42.27008192
42.2879238
42.31055505
42.31698102
42.33594628
42.35888494
42.37125941
42.38670766
42.4043513
42.4119161
42.43280206
42.45139793
42.46003921
42.4869043
42.48412732
42.51296214
42.52829847
42.54410326
42.55816973
42.57795149
42.59245654
42.60587218
42.62199046
42.63920062
42.65041765
42.66540634
42.68359122
42.70018736
42.71587626
42.73530746
42.74572781
42.76421478
42.78068799
42.79500112
42.80845558
42.82263157
42.83670753
42.85956074
42.87274674
42.88909129
42.90751562
42.92241752
42.93887157
42.95406639
42.9672733
42.98388837
42.99770937
43.01204471
43.02632804
43.04057184
43.05929156
43.07973954
43.09153088
43.10792998
43.12627091
43.13763883
43.15224072
43.16870754
43.18380522
43.20265452
43.22171937
43.22908328
43.24788424
43.26574223
43.27915637
43.29769962
43.31458589
43.32461715
43.34403684
43.3578352
43.36565026
43.38638642
43.40431651
43.4153197
43.43537758
43.45447716
43.46268184
43.48719268
43.50049134
43.51393198
43.53134649
43.54555428
43.55274272
43.58014937
43.59828822
43.60513129
43.62670565
43.63324966
43.65459512
43.67479332
43.68443273
43.70046174
43.71642492
43.72738144
43.74125172
43.75772146
43.77437832
43.79621869
43.80931975
43.8272691
43.84148408
43.8574203
43.87464839
43.89053383
43.90179161
43.91827909
43.93503684
43.94597315
43.96453994
43.9791931
43.9925144
44.00928397
44.02456656
44.04195049
44.05808669
44.07060632
44.08462849
44.10143946
44.11516133
44.12905678
44.14701903
44.16134163
44.17849515
44.19345768
44.21207156
44.22912645
44.24300099
44.25876623
44.26972003
44.28021638
44.30127662
44.32109101
44.32828405
44.34582096
44.36004542
44.3751055
44.39748396
44.41401925
44.42206902
44.44163483
44.45046172
44.46524368
44.48341228
44.49549593
44.51167735
44.53605253
44.54740064
44.56283486
44.57806166
44.59467823
44.61280236
44.62651432
44.63870326
44.66102459
44.66967992
44.68971822
44.70246282
44.71280869
44.73395904
44.74957785
44.76309115
44.78545373
44.79846114
44.81122359
44.82766191
44.84412549
44.85501897
44.871257
44.88642595
44.90129557
44.91836974
44.93684972
44.95029219
44.96804699
44.98519955
44.9954875
45.00792281
45.02789059
45.04438376
45.05965319
45.0754211
45.09045514
45.10323473
45.12190563
45.13838055
45.15211161
45.16973574
45.18369494
45.19316168
45.21126385
45.22996179
45.23754259
45.25385448
45.2753177
45.28997081
45.30371437
45.31890244
45.33852207
45.35042387
45.3652164
45.38051629
45.39122753
45.40777342
45.42714116
45.4330057
45.45522845
45.47075794
45.48335917
45.50279396
45.52019462
45.53097616
45.55171087
45.5641491
45.5768411
45.59372433
45.60838969
45.62261391
45.64025058
45.65374235
45.67165623
45.68478124
45.7050337
45.72119689
45.73092363
45.74673779
45.76358357
45.7721136
45.79218694
45.80926501
45.81627242
45.83987988
45.85573688
45.86806164
45.88797149
45.90115126
45.91405713
45.93200942
45.94364667
45.95904405
45.97672511
45.99169145
46.00953274
46.02341916
46.03999003
46.05675794
46.06838637
46.08787846
46.10417559
46.11681751
46.12965237
46.14749112
46.15867976
46.177495
46.18843817
46.20361713
46.22246467
46.2367507
46.25310856
46.26718639
46.2816164
46.29904559
46.31175565
46.32606544
46.34397218
46.35367776
46.37302279
46.38744454
46.40254488
46.4234206
46.43955622
46.45243088
46.46811631
46.48197583
46.49455706
46.51080789
46.52304027
46.53789608
46.55328079
46.56723643
46.59104226
46.60539989
46.62010883
46.63995166
46.64912921
46.66977821
46.68384187
46.69092705
46.71062224
46.73059237
46.7399631
46.76116338
46.77635155
46.78954575
46.80799991
46.82195723
46.83467408
46.85529117
46.86057577
46.88057719
46.89499446
46.91295199
46.92537478
46.93805546
46.95737536
46.97373523
46.98886887
47.00756472
47.02462393
47.03088576
47.05399074
47.06603815
47.07751509
47.08984585
47.11105525
47.12252446
47.13963151
47.15426518
47.17346377
47.18764402
47.20545756
47.22119604
47.23096962
47.24618302
47.25670167
47.27136652
47.29039762
47.30256229
47.32002248
47.33504506
47.35516993
47.37080511
47.38588129
47.40054363
47.41729592
47.42620579
47.44389859
47.4561831
47.47017137
47.48637245
47.50304229
47.52153075
47.535392
47.55085157
47.57029218
47.58332043
47.59682666
47.61147022
47.61975251
47.63845833
47.65587641
47.66546229
47.69041221
47.69947396
47.71469819
47.73405996
47.74935566
47.76412345
47.7808776
47.79307176
47.81052499
47.8176543
47.83262071
47.85159224
47.85988192
47.88109081
47.89804919
47.90941292
47.93245513
47.94326165
47.95713748
47.96908581
47.98588504
48.00115841
48.00869373
48.02970343
48.04668408
48.05401119
48.07775337
48.09257431
48.10585281
48.12398117
48.13700239
48.15188016
48.16729389
48.17835513
48.19753571
48.20767698
48.22597725
48.2419355
48.25458044
48.27146014
48.28840193
48.29969093
48.31683462
48.33142925
48.34644541
48.35972289
48.37346303
48.38846208
48.40696854
48.41794621
48.4319973
48.44684223
48.46464816
48.48332568
48.49536155
48.51377154
48.52493523
48.54394933
48.55192478
48.56913809
48.58321867
48.59490574
48.61345393
48.63221968
48.6433348
48.6642381
48.67894666
48.69444557
48.71174429
48.72359674
48.73471634
48.74883815
48.76567849
48.78500176
48.79070622
48.81311323
48.82578586
48.83900254
48.86281988
48.87647821
48.8894525
48.90627516
48.91540621
48.93535799
48.94667263
48.96149248
48.97959114
48.99005369
49.00587374
49.02758931
49.03089949
49.05835855
49.07089187
49.08192561
49.10461611
49.10936526
49.12404676
49.1440658
49.15944956
49.17522043
49.19090722
49.20312909
49.22127536
49.23440019
49.25458578
49.26824823
49.27604366
49.29476364
49.30795361
49.31788011
49.33672633
49.35068356
49.36946621
49.38055754
49.3951663
49.41562959
49.42830084
49.44506545
49.46059505
49.47178513
49.4837826
49.49952634
49.51602739
49.53211922
49.54551305
49.56124634
49.57195748
49.59444956
49.60838868
49.6245562
49.63912435
49.65326467
49.6681124
49.67475933
49.6896532
49.70848553
49.71783919
49.73438977
49.75458231
49.77063707
49.78191111
49.79761884
49.8181436
49.82535586
49.8446162
49.858893
49.87165134
49.88829749
49.90554027
49.92003357
49.93717417
49.94732896
49.96803755
49.97572576
49.99507207
50.01435048
50.02196015
50.0398479
50.051052
50.06581018
50.07491967
50.08811797
50.1049391
50.11284619
50.13237799
50.1516217
50.16137947
50.18665294
50.19762748
50.21293622
50.23076455
50.23961499
50.25657053
50.26882556
50.288374
50.30039506
50.30885475
50.33196117
50.34769142
50.35925766
50.37972051
50.39476668
50.40530976
50.42133612
50.43028137
50.44899053
50.45659042
50.47689379
50.49429784
50.51040892
50.5269674
50.53931217
50.55436489
50.57351973
50.58335406
50.59981445
50.60801115
50.63006933
50.64052712
50.65796406
50.67646173
50.68817573
50.70444153
50.71697289
50.73226673
50.75026016
50.76224464
50.77891716
50.79117507
50.8053022
50.81642936
50.83044368
50.84768759
50.85613471
50.87392047
50.89116434
50.90156452
50.92574109
50.93595993
50.95730251
50.97011807
50.9838526
50.99785948
51.00655591
51.02865407
51.04187319
51.05536386
51.07395555
51.08414785
51.10558312
51.11989335
51.13284076
51.14960136
51.1566189
51.17593371
51.18871335
51.20105959
51.21972173
51.22682379
51.2488791
51.25841417
51.27579014
51.29830499
51.30340233
51.32498238
51.34380625
51.34801141
51.37206967
51.38089866
51.39373566
51.41464228
51.42651025
51.44315452
51.451173
51.47026522
51.48991962
51.49861135
51.51846374
51.53256475
51.54501358
51.56065962
51.57230671
51.59009557
51.60062286
51.61301805
51.62701788
51.64448078
51.66004733
51.67612839
51.6925604
51.70813697
51.72632576
51.74179067
51.75066973
51.76845729
51.77873087
51.79769091
51.80533241
51.82015602
51.83529936
51.85191905
51.86936704
51.88488088
51.90004074
51.91172504
51.92548879
51.9427467
51.94776867
51.96488232
51.98186074
51.99188412
52.01197418
52.02336878
52.04349017
52.05101688
52.069689
52.08904189
52.09574186
52.11911735
52.13079653
52.13874107
52.15672426
52.17301977
52.19097656
52.19601967
52.21991218
52.22667532
52.24596528
52.26304325
52.27537292
52.29331949
52.30177032
52.32145413
52.33218741
52.34527788
52.36052639
52.37330752
52.39128
52.397119
52.41435015
52.43557848
52.44301385
52.46644826
52.48059632
52.4938521
52.5086868
52.52303073
52.54084837
52.54312491
52.56551324
52.5761954
52.58788729
52.60704001
52.61875673
52.63860009
52.64710064
52.66939315
52.68241909
52.69346707
52.70848944
52.71846399
52.73707992
52.74556675
52.76633214
52.77959207
52.79587925
52.81388807
52.82496864
52.8408531
52.8535295
52.86851178
52.88703684
52.89812033
52.91033464
52.92276126
52.93902518
52.95702672
52.96849976
52.9881535
52.9939902
53.01225972
53.02254265
53.04623063
53.05860643
53.07255425
53.08794878
53.09867895
53.11511262
53.1266561
53.13938432
53.15606717
53.17058974
53.1904561
53.20215707
53.21992425
53.23923232
53.24657351
53.26287438
53.27503087
53.2907634
53.29942927
53.32066565
53.33448007
53.34796454
53.36457586
53.37630434
53.39254762
53.40485396
53.42195558
53.43865189
53.44815661
53.4675167
53.4762851
53.49287267
53.50494626
53.51951375
53.53805547
53.54301554
53.56961344
53.57865381
53.59487873
53.61082307
53.62599965
53.64397565
53.64833675
53.67064549
53.68285436
53.69068838
53.70998028
53.72713089
53.73959503
53.75125566
53.77001485
53.78103505
53.79549822
53.81489316
53.82880549
53.84148218
53.85377547
53.86916578
53.88653333
53.89316069
53.90586842
53.92181967
53.9430208
53.95339624
53.96819943
53.98907735
53.99768651
54.01567777
54.02922035
54.04155245
54.04928384
54.06647607
54.07820868
54.0952332
54.11006959
54.12225622
54.13798936
54.15026079
54.17000817
54.18614587
54.1996268
54.21537728
54.22620774
54.24497179
54.25031067
54.26429915
54.28069192
54.29357916
54.30775102
54.32515095
54.33856023
54.34654796
54.37200192
54.38433308
54.40258484
54.40554866
54.42648697
54.4407187
54.45008746
54.46646771
54.48156836
54.50020206
54.50514475
54.52579827
54.53674089
54.54817273
54.56971135
54.58043884
54.60032
54.60694283
54.62524277
54.63943962
54.64622375
54.66398519
54.67393892
54.69762853
54.70789579
54.72257717
54.74102432
54.75157593
54.77045924
54.78208528
54.80053082
54.80325038
54.82779471
54.84022687
54.84416244
54.86649754
54.879975
54.89534507
54.90476485
54.92540477
54.94023058
54.95523501
54.97352037
54.98448403
54.99922888
55.00482749
55.02422897
55.03754256
55.05176097
55.06718656
55.07669627
55.09390689
55.10722382
55.12430317
55.13917867
55.15596561
55.16989845
55.18208168
55.19979235
55.20975534
55.21762966
55.23902004
55.25359242
55.26168824
55.28303072
55.29364953
55.30583116
55.31892193
55.33536816
55.35396215
55.36919111
55.38242687
55.39526538
55.41260286
55.41787804
55.4348636
55.4529038
55.45966455
55.47711655
55.48909001
55.50770991
55.51878167
55.53735098
55.54850049
55.56783632
55.5747272
55.59342701
55.60727797
55.615694
55.63182908
55.64309987
55.66498802
55.6710823
55.69336111
55.70117122
55.72055616
55.73332613
55.74587587
55.76373895
55.77314537
55.78970828
55.79868168
55.81356831
55.82125629
55.83865415
55.85359159
55.86797826
55.88318018
55.897005
55.92055363
55.91840667
55.94498983
55.96264145
55.97260788
55.99126107
55.99745153
56.01434661
56.0244073
56.04332165
56.05812311
56.06620864
56.08332716
56.09759444
56.11391235
56.13008732
56.14913304
56.15574233
56.17379772
56.18451576
56.19834509
56.21417811
56.22349967
56.23835877
56.24993137
56.26751915
56.27857654
56.29509435
56.30822706
56.32757575
56.33803676
56.3550114
56.37211712
56.38079807
56.39388351
56.41018284
56.41978738
56.43064278
56.45119419
56.4601683
56.4772849
56.48874508
56.50575555
56.5211154
56.53435358
56.54948125
56.56001499
56.57688377
56.58760898
56.60251759
56.6145711
56.63311909
56.63581466
56.65751165
56.6729865
56.68632408
56.69940257
56.71432496
56.73032715
56.74134209
56.76023479
56.76987483
56.78623509
56.79780372
56.81715721
56.8266152
56.84247806
56.85205082
56.86806946
56.88294508
56.89565308
56.91504311
56.92489903
56.94166635
56.9510046
56.97082093
56.9833158
56.98849698
57.00841366
57.01762122
57.03983688
57.04145041
57.06433469
57.07677355
57.09469223
57.10560209
57.12200654
57.14383863
57.14638833
57.16688503
57.17708706
57.1909923
57.19737285
57.21823157
57.23332295
57.24475269
57.26188463
57.27576247
57.29076095
57.30007614
57.32286498
57.33039595
57.34689214
57.35137911
57.37086585
57.38396794
57.39329299
57.40919824
57.42234498
57.43678237
57.45245675
57.46976406
57.48031582
57.49652676
57.51311404
57.52622404
57.54012065
57.55239761
57.56266402
57.57626368
57.59248343
57.60660415
57.62139419
57.63465201
57.64639348
57.66102306
57.67617881
57.69091356
57.70481689
57.71947622
57.73354424
57.74177269
57.75957058
57.76443039
57.78523455
57.80008253
57.80644324
57.81972932
57.84221992
57.85601588
57.86696716
57.87933118
57.89586713
57.91968844
57.92214126
57.94412787
57.95309911
57.96370781
57.97350612
57.99335025
58.00428593
58.01970524
58.03049313
58.04883409
58.06288776
58.07454146
58.09676005
58.10382362
58.12579661
58.1295208
58.15132139
58.15758338
58.17230147
58.17951503
58.19909639
58.21158562
58.21908527
58.23895289
58.25176594
58.26943418
58.27636626
58.29701877
58.30871774
58.32616581
58.33219207
58.35423097
58.35820199
58.37792257
58.38278652
58.4012455
58.41833753
58.42594852
58.44548431
58.4571485
58.47592722
58.48388893
58.50114809
58.51460301
58.53169051
58.53679971
58.55736432
58.56996161
58.58134501
58.59535353
58.60479011
58.61957098
58.63646203
58.64951578
58.66449921
58.68221462
58.69190361
58.70759265
58.72231986
58.73704249
58.74491132
58.7631349
58.77163869
58.78700208
58.79552466
58.81315534
58.8225464
58.84227594
58.85423962
58.87345865
58.89172781
58.90239966
58.91433724
58.92718954
58.94093729
58.95197376
58.96654909
58.98107847
58.99288015
59.00513856
59.0228072
59.03655243
59.0483683
59.05969107
59.07659619
59.08954898
59.10740989
59.11250899
59.13505868
59.14998145
59.15765386
59.16772665
59.18359643
59.19413209
59.20789033
59.22433597
59.23402145
59.25259732
59.26213706
59.28395565
59.29332942
59.3115241
59.319127
59.33809976
59.34354447
59.36530572
59.36735347
59.38868242
59.39780143
59.41085691
59.42019209
59.43707543
59.45303792
59.46692592
59.48210683
59.49538143
59.51807131
59.52220045
59.53990032
59.54522793
59.56233312
59.56594453
59.59433318
59.60700775
59.62122792
59.62694735
59.65164335
59.65738025
59.6719782
59.68687193
59.70758908
59.7168559
59.72602547
59.74108193
59.7514136
59.76723096
59.7784205
59.79491893
59.8062752
59.82300205
59.8354464
59.84795561
59.8615117
59.8784676
59.88885318
59.90512517
59.92496966
59.93731668
59.94354782
59.96131224
59.97185422
59.98863876
59.99653136
60.0154369
60.02171489
60.0392799
60.05174256
60.06493281
60.08170166
60.09873362
60.10647001
60.12504615
60.13005902
60.14821071
60.16013329
60.17160659
60.18559585
60.19715439
60.20940263
60.22687542
60.24504774
60.25520985
60.26596653
60.28452805
60.30175065
60.31153973
60.33036217
60.33636566
60.35062009
60.36125295
60.37535189
60.38554182
60.40998161
60.41406133
60.43414845
60.44858397
60.46585818
60.47138792
60.49533073
60.50564106
60.51889719
60.5252105
60.54458915
60.55090594
60.56784368
60.57390799
60.59377716
60.60933151
60.62143256
60.62875271
60.6444617
60.65876711
60.67187955
60.6879938
60.69911113
60.72052214
60.72274383
60.74120669
60.75047177
60.76798646
60.76913081
60.79329175
60.80302204
60.82367477
60.82302509
60.84847482
60.85181229
60.87134905
60.88014283
60.90248847
60.91745612
60.92909997
60.93348846
60.95074804
60.9581844
60.97544815
60.98587106
60.9976407
61.01401547
61.03297712
61.04288783
61.05485019
61.07040279
61.08912277
61.10010408
61.11510107
61.12742944
61.13936805
61.14768736
61.16568396
61.1762212
61.1907224
61.21053758
61.22097717
61.23162311
61.2465378
61.26025882
61.27729307
61.28794318
61.30333842
61.31715526
61.33173351
61.34336058
61.35641483
61.36287388
61.38365347
61.3983328
61.40388951
61.41602435
61.43585811
61.45194803
61.46405777
61.47836821
61.4965862
61.51149172
61.51982531
61.53053947
61.54374208
61.55810397
61.56767808
61.58303777
61.59653029
61.62323888
61.62046385
61.63794195
61.64955956
61.66730347
61.67733884
61.69906232
61.70729273
61.72506506
61.73358419
61.75485562
61.75993977
61.77397819
61.78264689
61.80386887
61.81437842
61.83458111
61.8353544
61.85872535
61.87016127
61.88979307
61.88934169
61.91489285
61.92429483
61.94200904
61.9423108
61.96191754
61.96983315
61.9828653
61.98883739
62.01538825
62.02405351
62.0457329
62.04929651
62.07445585
62.08304383
62.09995418
62.10890574
62.13121835
62.13836542
62.15445879
62.16352733
62.17474711
62.18562427
62.20413087
62.21307607
62.22615426
62.24153196
62.26147167
62.2608418
62.28367108
62.29880588
62.30933756
62.32293078
62.3391162
62.35280659
62.36283006
62.37518182
62.39413511
62.40110381
62.4162747
62.42343495
62.44649703
62.45561223
62.47067777
62.48257447
62.5006441
62.51070943
62.53132064
62.53763116
62.55198078
62.5638904
62.58169788
62.58757992
62.60339477
62.61432103
62.62703552
62.63642833
62.65282678
62.66563152
62.68190314
62.69272911
62.70998783
62.72375921
62.74279638
62.74908623
62.7652793
62.7748719
62.78797721
62.80123294
62.80858985
62.82079114
62.83300807
62.85026942
62.85735994
62.87629393
62.88877003
62.90052923
62.91375414
62.93023449
62.94642666
62.95522569
62.9678014
62.98368645
62.99011769
63.00733785
63.01175672
63.04108312
63.04097253
63.0618596
63.06288646
63.0926947
63.09996013
63.11942734
63.11832619
63.14511388
63.15652721
63.17346775
63.17431999
63.19806641
63.19987752
63.22043754
63.22784838
63.24710411
63.25958993
63.2706756
63.27798583
63.30184698
63.31347511
63.32474982
63.32932408
63.35440324
63.36648891
63.38358476
63.38883134
63.40700865
63.4148536
63.43343092
63.43918962
63.45303825
63.46352746
63.48167694
63.49556618
63.5072857
63.51787624
63.54330305
63.553482
63.56565173
63.5820693
63.59882767
63.60483016
63.61558009
63.62929567
63.64138501
63.65205448
63.67174804
63.67897252
63.69094078
63.70915252
63.72239397
63.7370637
63.75618218
63.76842882
63.77549147
63.79023889
63.80198069
63.81752771
63.82298231
63.83727276
63.84574689
63.86662315
63.87372595
63.88912367
63.90460303
63.91971728
63.93209662
63.94918603
63.95882579
63.98131683
63.98959671
63.99792123
64.01252086
64.02787046
64.0399544
64.05091379
64.0689914
64.07342833
64.09586842
64.10024024
64.11998396
64.12433273
64.14663932
64.15132928
64.17578255
64.18191545
64.2013442
64.20371683
64.22412242
64.23266114
64.25106529
64.2543557
64.26850506
64.28112936
64.29506443
64.30299689
64.3226371
64.33424268
64.35119909
64.36482575
64.37757118
64.3976794
64.4112886
64.4245806
64.43014515
64.45071028
64.45916005
64.47280879
64.47595161
64.49566567
64.50975691
64.52363359
64.52904741
64.55075146
64.56194697
64.57644257
64.58600846
64.60673757
64.61638126
64.626877
64.63752982
64.6533603
64.66253103
64.67641789
64.69145019
64.70413554
64.71808152
64.72935142
64.74521144
64.75716543
64.77353741
64.78736774
64.80217722
64.81053092
64.8278491
64.83856742
64.85172666
64.86057253
64.87566886
64.88728571
64.90280596
64.91564056
64.92763736
64.93769502
64.95696961
64.96598071
64.97991243
64.99748593
65.00794327
65.02292234
65.03149804
65.05318905
65.06197754
65.07620207
65.07811392
65.09638924
65.10839999
65.12559875
65.13693948
65.1512927
65.16567325
65.18169438
65.1924543
65.20939114
65.22368711
65.24026991
65.25173893
65.26551473
65.28014464
65.29402903
65.29569521
65.31088823
65.32988749
65.33645499
65.35209233
65.3592255
65.38467092
65.38968632
65.40910463
65.41500484
65.44154587
65.44634333
65.46327551
65.46833015
65.48294837
65.49384141
65.5088968
65.51618339
65.53302619
65.54840878
65.56757071
65.56819801
65.58780021
65.60301847
65.61501214
65.62880346
65.6340214
65.65621384
65.6676959
65.68274775
65.6858454
65.70723994
65.71606477
65.73209308
65.73775746
65.76552869
65.77970261
65.78792011
65.79552614
65.81498553
65.82449153
65.83840029
65.85220921
65.86305293
65.88322277
65.89722042
65.90651417
65.91671338
65.9336023
65.94348576
65.95939335
65.96570097
65.97845356
65.99000565
66.00761514
66.01920751
66.0302606
66.04672699
66.065099
66.07955653
66.0890108
66.10689528
66.11917546
66.12878729
66.14072603
66.15730412
66.16736421
66.17970335
66.190193
66.21143743
66.22309898
66.23831629
66.24890153
66.25866646
66.27812648
66.28832095
66.30271132
66.31849113
66.32840121
66.33739125
66.353818
66.35769194
66.37225362
66.38548033
66.40230447
66.40294639
66.42324782
66.4423836
66.45365343
66.47127148
66.4807083
66.49515996
66.50628569
66.52817489
66.52976618
66.55175171
66.56235643
66.57196609
66.58097361
66.59569887
66.61314775
66.6269817
66.63897707
66.64926871
66.66899739
66.67813164
66.69636684
66.70129835
66.72287798
66.73462786
66.75235435
66.75987525
66.77297578
66.78968897
66.80456248
66.8064283
66.81444727
66.83592902
66.84445835
66.86345965
66.87154892
66.89261619
66.90324627
66.92028497
66.92610489
66.95329203
66.95883906
66.97733936
66.97796394
67.0003208
67.00780382
67.02152241
67.02898014
67.0451603
67.06074373
67.07783922
67.08861209
67.09699997
67.1193133
67.12684779
67.14544647
67.15420781
67.17561164
67.18515876
67.20095113
67.20139513
67.21959184
67.23060002
67.24346971
67.24846235
67.2651305
67.27499327
67.28949848
67.3060271
67.31867404
67.33262194
67.3467214
67.3622931
67.37284718
67.39360693
67.39884066
67.41631865
67.42737751
67.43835086
67.45553321
67.46326144
67.47943187
67.48827253
67.50124762
67.51226999
67.52980745
67.5451312
67.55345983
67.57381718
67.58557124
67.60109604
67.61503656
67.6290882
67.63847906
67.65573775
67.66348058
67.68041288
67.69339499
67.70913434
67.71260495
67.7261147
67.74692941
67.76059298
67.77755503
67.78361914
67.80587625
67.81448456
67.8327717
67.83800585
67.86230476
67.86947771
67.88490108
67.89635204
67.90526144
67.92413726
67.93134121
67.94804246
67.9505655
67.97639492
67.98732195
68.00159358
68.01290093
68.03283135
68.04496261
68.06326935
68.07373736
68.08369599
68.09757418
68.10477781
68.12091819
68.12747836
68.14836735
68.15787369
68.17696102
68.1800977
68.2074623
68.21518467
68.231433
68.24264645
68.2527036
68.27106226
68.28348038
68.29976816
68.30388514
68.32934573
68.33198151
68.3537602
68.35505649
68.37760424
68.39456237
68.40740105
68.407548
68.42328705
68.44071203
68.45303843
68.46779322
68.48279638
68.49858016
68.51063424
68.52563294
68.53217202
68.5512843
68.55957092
68.57383637
68.58246753
68.59669225
68.60770891
68.62586486
68.64316214
68.65136144
68.66451486
68.67801882
68.6979608
68.71035957
68.73010704
68.74171061
68.75161299
68.76451321
68.77720595
68.7937843
68.80292777
68.81745472
68.82584331
68.84268494
68.85803829
68.87655884
68.8862442
68.90014611
68.91535114
68.9313074
68.94662589
68.95734325
68.9736072
68.98065528
68.99800767
69.00862434
69.02294398
69.03696942
69.05034947
69.05964951
69.07651537
69.09224018
69.10918435
69.12485104
69.1297846
69.15569364
69.16269238
69.1836949
69.18901391
69.21091016
69.22322397
69.23458937
69.24608002
69.25462172
69.27891223
69.28472575
69.30630505
69.31036853
69.32824215
69.33911924
69.35488436
69.36545339
69.38282638
69.39736265
69.41411341
69.42637418
69.43407923
69.45307402
69.46077975
69.48070937
69.48400227
69.50304251
69.51461154
69.53208463
69.54321884
69.5525188
69.57167909
69.59128135
69.6024736
69.61160829
69.63415498
69.64291842
69.66387412
69.66290394
69.68421196
69.69814502
69.7158356
69.71926727
69.73018343
69.75122031
69.76070478
69.77702474
69.78370314
69.81269072
69.81614554
69.84196784
69.84758888
69.86849138
69.88298425
69.89747933
69.90437419
69.91862631
69.93363985
69.94108714
69.95798303
69.97072473
69.98649416
69.99667142
70.01389469
70.03143365
70.04471896
70.05593948
70.06845148
70.08256927
70.09791721
70.11009283
70.12193132
70.13687828
70.15228371
70.1594604
70.17513968
70.19174688
70.20539948
70.22587866
70.23889309
70.24436428
70.26303419
70.27646429
70.29177557
70.30792841
70.32230241
70.33661333
70.3516338
70.36670266
70.37784931
70.39722589
70.40076247
70.41667265
70.43027235
70.44389428
70.45267177
70.46284654
70.48474698
70.49883228
70.51906283
70.52023513
70.54810399
70.55696846
70.58007723
70.59134565
70.60253975
70.61772772
70.63658569
70.63820597
70.65459195
70.67302625
70.68282719
70.69919795
70.70767254
70.73187238
70.73995944
70.761068
70.77004039
70.79128816
70.80642613
70.818313
70.83792738
70.84179862
70.86024971
70.8691497
70.89023701
70.89510829
70.90803872
70.93081705
70.94147738
70.95910137
70.96601584
70.99249697
70.99974758
71.02044363
71.02273969
71.04889494
71.06362807
71.08123999
71.09273031
71.10713585
71.12795113
71.14266844
71.15534201
71.15367296
71.18204646
71.19625333
71.21200423
71.21730999
71.24396492
71.25573351
71.27550684
71.29337109
71.30503386
71.32555735
71.33684157
71.34990571
71.3599018
71.38059619
71.38759111
71.40792394
71.41321504
71.43063622
71.44733681
71.46314299
71.48017372
71.4898605
71.51451519
71.52754015
71.54739989
71.55982698
71.57293591
71.59024059
71.60815421
71.61953407
71.62526388
71.64602962
71.6549129
71.67158129
71.68350278
71.70029176
71.71278615
71.72903347
71.74666172
71.75899248
71.78198607
71.79815818
71.81692729
71.82755178
71.84464189
71.85518383
71.86821272
71.88017806
71.88990525
71.91434106
71.92674744
71.94280466
71.95413356
71.97038845
71.9871462
72.00384645
72.02041277
72.03202997
72.05483021
72.06920181
72.08826186
72.0932669
72.11674204
72.12285311
72.1415296
72.15692581
72.17000097
72.18898024
72.19951878
72.22228759
72.22832318
72.25484444
72.25792018
72.28233925
72.28913858
72.31382721
72.33049764
72.34879918
72.36430692
72.37271377
72.39529727
72.40637171
72.42775844
72.42646927
72.45398205
72.46066253
72.47909637
72.48415396
72.50687381
72.52697228
72.54193344
72.56354623
72.56718602
72.59697391
72.60677545
72.62886423
72.63212935
72.65230829
72.66738593
72.68651805
72.69392996
72.70288003
72.7290703
72.74345518
72.76224859
72.76740386
72.80081419
72.8099199
72.82846692
72.83976829
72.86119649
72.8835613
72.89589293
72.91157671
72.92250488
72.94608721
72.95724188
72.98285249
72.98966067
73.0109341
73.02588144
73.04170973
73.06536561
73.07492844
73.09661384
73.1125676
73.1329585
73.14321663
73.16652721
73.18065811
73.20100978
73.21617874
73.23000183
73.2527158
73.26840338
73.28543382
73.29575465
73.31196143
73.32902013
73.34637858
73.36431553
73.37813424
73.39746649
73.41869893
73.43300386
73.44645852
73.46723372
73.48136963
73.50460595
73.51070715
73.53204445
73.54679018
73.56420492
73.58155391
73.58639181
73.61424033
73.63361434
73.65053255
73.66302467
73.68012512
73.70308909
73.72363647
73.74781998
73.75227219
73.77729143
73.79070029
73.8107691
73.82203168
73.84263144
73.85793267
73.87399396
73.90036678
73.91412895
73.93708628
73.95119948
73.97150206
73.97804401
74.00787804
74.02052903
74.04318889
74.05344351
74.06686752
74.09102164
74.09996507
74.13152987
74.13496082
74.16661467
74.17242938
74.201274
74.20586667
74.23578339
74.24817677
74.27502042
74.29621393
74.30423642
74.33812846
74.3538559
74.37674044
74.3819721
74.41183402
74.42072648
74.44943102
74.4558466
74.47653321
74.50246726
74.52382774
74.54406544
74.55048754
74.58380851
74.59701363
74.62046586
74.632204
74.66235802
74.6784797
74.69284541
74.7124339
74.72927385
74.75117233
74.76475228
74.79214058
74.80050357
74.82201492
74.8397874
74.86560645
74.88238165
74.8979177
74.92509638
74.94613966
74.96845226
74.98461059
75.00774634
75.03073926
75.04549081
75.06179064
75.0789762
75.10481357
75.11674692
75.14003137
75.16385562
75.17942223
75.19517805
75.22248111
75.23872741
75.25701471
75.28367537
75.30657435
75.33171678
75.34222586
75.36437946
75.38337788
75.40759273
75.42202734
75.44168027
75.46400759
75.48785064
75.50802382
75.52087286
75.54673248
75.57008933
75.59099371
75.60700321
75.63051157
75.65114063
75.67778841
75.6969471
75.70698019
75.73791678
75.75668124
75.77794156
75.79548044
75.82137202
75.84535919
75.85805704
75.88457504
75.90856833
75.93001502
75.95007839
75.97787952
75.99016204
76.02199795
76.04048041
76.06839612
76.08600623
76.10519975
76.13495754
76.14532435
76.17529743
76.18276148
76.21832044
76.22876677
76.26074097
76.27187125
76.29564192
76.32633472
76.35181395
76.38157961
76.38674293
76.4262242
76.44891927
76.47469272
76.48304207
76.50985881
76.53261474
76.55530862
76.5759505
76.59554088
76.63308393
76.64798552
76.67110859
76.69070095
76.72947062
76.74856318
76.77480196
76.79743026
76.82262689
76.85285672
76.87035216
76.88827958
76.91000484
76.93876001
76.95182842
76.97842607
77.00097964
77.01804396
77.04732282
77.0751414
77.10530599
77.12227373
77.1576494
77.17255451
77.21082882
77.22907124
77.26197307
77.29119526
77.32274985
77.3475541
77.36690517
77.40198682
77.4204525
77.44627018
77.46915649
77.50107204
77.52283954
77.54206002
77.57256575
77.59719305
77.62301822
77.64564339
77.67796973
77.69694677
77.71992018
77.74653659
77.7703626
77.80229362
77.81454879
77.849171
77.87851542
77.90909604
77.91999383
77.95235857
77.98646456
78.01788363
78.03765659
78.06154109
78.09647994
78.12397659
78.15558337
78.17468989
78.21082209
78.23323008
78.26470926
78.2890044
78.30115539
78.34196778
78.36465427
78.40335306
78.42058553
78.45523866
78.47771301
78.50472093
78.52931059
78.55566588
78.59605251
78.61478276
78.64872804
78.66614239
78.69638585
78.72164664
78.75372954
78.77820946
78.80368995
78.84243311
78.86518046
78.90339059
78.91469194
78.95720346
78.98278483
79.02310727
79.04248663
79.07593535
79.10647105
79.13267253
79.16695141
79.18073647
79.22624306
79.23677986
79.28400547
79.2963014
79.33365801
79.36192535
79.39559065
79.41594704
79.44277418
79.48842581
79.5102859
79.54996126
79.57308932
79.61666561
79.64442737
79.67604412
79.70811821
79.7326904
79.76268817
79.79390398
79.82678523
79.86040239
79.89631848
79.92222858
79.94792893
79.98371775
80.00628746
80.04176696
80.07564443
80.11359934
80.14038096
80.17463729
80.20715831
80.24581121
80.26792945
80.29550178
80.33185896
80.36673242
80.40005999
80.42702668
80.4648023
80.49624888
80.53105673
80.56845629
80.59979683
80.6448545
80.67737999
80.71828145
80.74746821
80.78189234
80.81077158
80.84484132
80.88049788
80.90645844
80.94493735
80.97434831
81.01415971
81.03742724
81.08040111
81.12348698
81.1564517
81.18546421
81.21520018
81.25706826
81.29655666
81.33731227
81.35938568
81.40767034
81.44279471
81.48481805
81.51978741
81.54671861
81.58833408
81.62096981
81.66652151
81.68875605
81.73526071
81.76673202
81.80735091
81.83818813
81.88009551
81.92061575
81.95535541
82.00278972
82.02536775
82.07632328
82.10866432
82.15029409
82.18824249
82.22615532
82.27520353
82.30570263
82.35005076
82.37499914
82.43342146
82.45925604
82.51215239
82.53579597
82.58200712
82.62715925
82.67041135
82.70961836
82.73593172
82.79565611
82.82463199
82.86806658
82.89476356
82.95089099
83.00892756
83.03366395
83.07118309
83.10591489
83.16597899
83.20271338
83.2532598
83.2832758
83.33159374
83.36811114
83.40904665
83.45032756
83.49278664
83.53300226
83.58016432
83.62946801
83.66947734
83.71775482
83.75445665
83.80329882
83.85191549
83.89011812
83.93700775
83.98216843
84.0317304
84.06632849
84.11843462
84.16181832
84.20524212
84.24322771
84.29152277
84.34367929
84.38692168
84.43511198
84.47899392
84.5330155
84.57830903
84.62387904
84.67174873
84.71602537
84.77478856
84.8204513
84.87296124
84.90813525
84.96069056
85.00996525
85.05902415
85.11534219
85.15071399
85.21585414
85.25661177
85.32404944
85.35661904
85.41875819
85.45920881
85.51830585
85.56945335
85.61598398
85.67667006
85.7279677
85.78805903
85.83290043
85.88249591
85.93373546
85.98408869
86.03915354
86.09108682
86.14398599
86.19771291
86.27729449
86.31042023
86.35873342
86.4266773
86.47375474
86.53533405
86.59088757
86.65931225
86.70609417
86.77277843
86.83178711
86.87518506
86.94265383
86.98733411
87.05166252
87.09431042
87.16774109
87.21230018
87.27290161
87.33950075
87.39255057
87.46695241
87.52545676
87.59821219
87.63340651
87.71669442
87.77094092
87.84079137
87.88691199
87.93844883
88.02632992
88.07598918
88.14010402
88.18385821
88.26296791
88.35381457
88.39609069
88.45489964
88.5137734
88.59692933
88.64608975
88.72227153
88.78220571
88.85471415
88.92695278
88.98117004
89.06239255
89.1210796
89.19565584
89.25041416
89.32639324
89.38182038
89.45950801
89.52877025
89.60239523
89.67588987
89.74808622
89.82111447
89.88953618
89.97724611
90.04476937
90.11737876
90.19158538
90.26888785
90.35057974
90.41753245
90.48479749
90.5707775
90.64977418
90.72817139
90.81570412
90.88641436
90.96171983
91.04158005
91.12402005
91.20104663
91.29311714
91.38746062
91.46109468
91.53490535
91.61651803
91.70686309
91.79143167
91.86701013
91.95004601
92.04927474
92.13053325
92.22089158
92.29433354
92.38366885
92.48383874
92.57046514
92.66037857
92.7318588
92.84840271
92.93498571
93.02532979
93.11556238
93.20746768
93.3098965
93.39586192
93.4841914
93.57214724
93.67831352
93.77355673
93.86279608
93.96807049
94.05479944
94.16115804
94.25274848
94.35433618
94.46194911
94.57246916
94.67270966
94.78007839
94.88705005
94.98831843
95.10671868
95.20944387
95.31847426
95.42328106
95.5195632
95.65518181
95.73816587
95.86043205
95.94301773
96.07768807
96.19495574
96.31348617
96.44082694
96.53321358
96.67616154
96.79295802
96.93033822
97.03402815
97.13807805
97.28580402
97.39261842
97.53175712
97.64030773
97.79590915
97.9206155
98.04355466
98.17331925
98.29109525
98.45444853
98.56639225
98.70803253
98.83938053
98.9958597
99.13414875
99.25722328
99.40150684
99.53794707
99.70801164
99.82297857
99.98698235
100.1326375
100.2639929
100.4163091
100.5772763
100.7500024
100.8876451
101.0618601
101.2152039
101.3728576
101.5391824
101.6924553
101.8879199
102.0542603
102.236019
102.3922882
102.5717675
102.7856039
102.9494178
103.1092056
103.3107373
103.5071454
103.6867909
103.8612039
104.0513198
104.2521034
104.4360285
104.6368159
104.8174199
105.035809
105.2511521
105.4419147
105.6565851
105.8438776
106.0696308
106.2922259
106.521369
106.7282525
106.9637673
107.2090516
107.418348
107.6745573
107.9085422
108.1719255
108.3995661
108.6360532
108.9092876
109.1600621
109.4262046
109.6686723
109.9409346
110.2246013
110.4939213
110.775503
111.0584227
111.3403713
111.6436963
111.9467157
112.2374448
112.5127816
112.8173246
113.1559414
113.4534652
113.7626122
114.1069812
114.4710666
114.7974332
115.1599624
115.5044621
115.8525639
116.2472833
116.6183301
116.9636259
117.3957838
117.7894803
118.1760246
118.5723071
118.9742815
119.4516516
119.8728908
120.29793
120.8486095
121.321047
121.8169493
122.2992656
122.8397017
123.3867612
123.9766611
124.714885
125.4985858
126.5199875
127.9378687
129.877806
131.7192951
133.4528253
135.4318831
137.1999358
139.3524955
141.7308064
144.1907299
147.1606889
149.7626557
152.2409783
154.0550741
155.7514564
158.2856651
160.4463554
162.3552055
164.3861591
166.2730439
168.4923817
170.4255341
172.494541
174.4608243
176.1718365
177.7543124
179.4776929
181.3093081
183.1532152
185.0729856
186.8646242
188.6557787
190.4331296
192.2947426
194.2111512
196.3830383
198.2534261
200.111345
202.1196282
204.2765144
206.4578694
208.7687084
210.9678246
213.3044363
215.6742924
218.0410978
220.3624365
223.0156463
225.7953837
228.1005323
230.6631846
233.0553489
235.8230491
238.4900824
241.117539
243.6409216
246.3001842
249.183374
252.3290815
255.1371848
258.0926587
261.1699755
264.4086923
267.6728855
270.8414735
274.1333873
277.6017741
281.0269795
284.3362343
287.8281819
291.5931378
295.1398519
299.241686
303.5423971
307.7585922
311.7842035
315.8459622
319.8049879
323.8833977
328.5041558
332.7013616
337.1079385
341.4872358
346.0883796
350.9445682
356.145386
360.7277356
365.430683
370.5825661
376.2610921
382.0266437
389.1300682
